108.155 10.672 1.02568 0.767243 0.826129 1.80658 2.98534 2 0.439747
106.826 9.37146 1.00063 0.823785 1.04305 1.82464 3.05388 2 0.424889
103.904 -0.669791 2.42629 5.7967 1.62285 4.05469 0.986504 0 0.417746
107.542 8.1284 0.809654 0.594455 0.6843 1.44817 3.57586 2 0.190122
83.782 -11.0475 0.507138 0.907987 0.893559 1.28552 6.15147 2 0.176388
80.6409 9.55323 1.06989 0.625284 1.91588 1.77802 6.55784 1 0.154823
80.7733 -8.46407 0.51203 0.944733 1.00469 1.38186 6.1555 2 0.142948
95.3737 5.57593 0.567406 0.578139 0.547306 1.1484 6.56218 2 0.122839
87.617 18.4572 0.475438 0.624278 0.516915 1.12564 6.63035 2 0.116966
83.6765 15.4666 1.22151 1.38201 2.10476 1.75688 6.55241 1 0.109325
