102.762 -0.160383 0.737645 0.772506 0.67041 1.52818 5.89818 2 0.678753
83.3811 19.1018 0.530424 0.84435 0.720123 1.26543 6.41124 2 0.641085
104.49 2.59213 3.0122 5.14438 1.65972 2.55695 6.70237 0 0.301568
104.42 8.49648 1.11256 0.718847 0.770319 1.86426 3.06902 2 0.273963
99.149 -1.93256 2.87405 3.77015 1.54099 3.12157 0.941094 0 0.235812
108.001 7.47775 1.4408 0.680398 2.08679 2.10534 6.34279 1 0.122839
90.6484 -2.4084 1.13298 0.740371 1.99431 1.84704 6.30461 1 0.120853
35.9204 1.76258 0.68716 0.693548 0.741352 1.5238 3.16961 2 0.109515
94.3765 -14.5938 0.590692 0.600729 0.810002 1.22157 6.61082 2 0.103749
83.5638 15.2179 0.508703 0.327249 0.423339 0.92683 6.45262 2 0.103749
