102.336 -0.193166 0.736471 0.810432 0.734595 1.53955 6.06651 2 0.565539
83.3733 19.1045 0.532576 0.845072 0.713909 1.2625 6.5471 2 0.490236
93.1198 -14.5432 0.504986 0.972583 0.875167 1.33331 6.12462 2 0.442155
98.9929 -1.74609 2.92398 3.97478 1.60708 2.99961 0.884941 0 0.409221
85.0438 22.5746 0.581104 0.883495 0.699503 1.28693 6.26046 2 0.335024
104.266 2.4971 3.12373 5.33366 1.62444 2.46862 6.69896 0 0.324235
82.6554 12.0291 0.849831 1.20733 1.74864 1.52733 6.36198 1 0.187728
35.949 1.73336 0.637459 0.677896 0.788683 1.43384 6.43113 2 0.185062
105.732 8.73077 3.24025 4.65636 2.07363 2.6987 6.59666 0 0.173009
82.1835 -13.0663 1.03682 0.635131 1.93261 1.74661 6.37999 1 0.170784
97.6197 12.1279 1.10245 0.687075 2.05569 1.84592 6.3368 1 0.137301
91.0177 -2.29702 1.18182 1.31519 2.03633 1.48143 6.27312 1 0.129293
