102.04 -0.191883 0.532772 0.931905 0.811883 1.33526 6.10862 2 0.497559
98.9439 -1.70934 3.20529 3.95228 1.95085 3.11796 6.91697 0 0.481454
93.122 -14.5434 0.518096 0.965014 0.872606 1.33722 6.25151 2 0.401688
104.434 8.19536 1.48303 1.52984 1.833 1.4905 6.22667 1 0.363421
104.202 2.42755 2.909 5.04088 1.59769 2.54077 6.64891 0 0.290578
107.916 7.77874 2.7775 5.35519 1.43777 2.63747 4.9843 0 0.228156
35.9426 1.7424 0.573081 0.682296 0.731731 1.34672 6.4066 2 0.186539
90.9523 -2.11425 1.04241 0.941876 1.73207 1.74257 6.51683 1 0.171061
97.6206 12.126 1.07905 0.690101 2.0528 1.83625 3.22533 1 0.157914
86.6756 24.1362 0.51927 0.541522 0.510644 1.06313 6.39085 2 0.150029
91.116 16.8736 0.687552 0.661223 0.75321 1.42416 3.93749 2 0.138229
88.768 0.859745 1.03631 0.466946 1.95736 1.86437 5.92796 1 0.105395
82.4088 -13.5825 0.404604 0.771163 0.682798 1.08808 6.11631 2 0.104112
