98.4852 -1.77922 3.55984 3.98377 2.04398 2.97845 6.88035 0 0.570331
101.763 -0.261246 0.594018 0.795199 0.686308 1.31023 6.56248 2 0.527317
103.981 2.6355 2.9606 5.17524 1.63239 2.59785 6.74437 0 0.334155
107.402 7.7867 1.46065 0.608418 1.98808 2.06169 6.34108 1 0.263979
104.391 8.31636 1.40112 1.35033 1.75784 1.68319 6.27794 1 0.256459
93.1116 -14.6475 0.462719 0.799906 0.692029 1.19619 6.2144 2 0.236869
104.399 7.01117 1.15561 0.683964 0.835357 2.02834 3.47851 2 0.179531
82.4045 -13.5727 0.405973 0.782793 0.701983 1.08622 6.11949 2 0.170784
97.6205 12.1264 1.07752 0.689428 2.0524 1.83289 3.22961 1 0.160792
35.9281 1.73714 0.580321 0.684799 0.741623 1.38219 6.40294 2 0.154567
91.1208 16.874 0.688335 0.653998 0.747075 1.41774 3.94872 2 0.103024
110.384 6.98282 2.62437 5.42626 1.44199 2.97663 1.66515 0 0.102664
