94.2133 -1.106 3.22527 4.46842 2.23448 3.2652 6.75316 0 0.683842
100.948 7.5164 1.40468 0.60575 1.75377 1.92979 6.31218 1 0.490724
83.7559 -4.34908 0.335921 0.703782 0.566613 1.03673 5.91771 2 0.21305
104.424 6.50523 1.63466 1.07829 2.00891 1.9473 6.33278 1 0.171061
81.1942 -6.53466 1.221 0.66985 1.97245 1.85269 6.65721 1 0.158435
80.5877 11.6418 0.603411 0.856731 0.755328 1.26744 6.08562 2 0.142709
80.303 13.7507 0.560362 0.638615 0.526853 1.14504 6.2379 2 0.141045
97.6203 -0.475603 0.828439 0.353841 0.398273 1.27349 6.0905 2 0.134321
90.7922 -4.72184 0.330638 0.504138 0.486072 0.897437 6.08055 2 0.120542
86.3382 7.407 1.00985 0.533269 1.87533 1.61358 6.5554 1 0.119717
