92.3543 -1.05564 2.98058 4.35181 2.08124 3.40757 6.64354 0 0.778986
95.6711 -0.492311 0.995155 0.767032 0.751924 1.84457 6.70042 2 0.771499
99.6881 7.1783 1.40926 0.759039 1.67468 1.77304 6.56419 1 0.408749
100.547 7.57401 1.42045 0.668216 1.81198 1.66765 6.64793 1 0.303629
35.9503 1.76918 0.574059 0.633181 0.625959 1.24688 6.28483 2 0.236869
104.274 -3.83912 1.28715 0.625284 1.6313 1.87281 5.89476 1 0.209146
94.398 -2.42237 0.590105 0.763855 0.866516 1.33135 6.78148 2 0.198375
102.858 6.8005 1.53697 0.575476 1.77282 1.78193 6.33119 1 0.156105
92.6136 5.60842 1.25407 0.533269 2.18207 1.83424 3.19308 1 0.143908
82.9266 -0.947768 0.985935 0.642304 1.90039 1.76677 6.30085 1 0.139396
83.599 18.6071 1.1574 1.30814 2.05155 1.77737 6.37663 1 0.12711
102.543 4.67952 1.5675 0.747636 1.98782 1.85359 6.17881 1 0.115361
81.5328 13.0231 0.574842 0.799702 0.704301 1.27132 6.69627 2 0.113973
