91.3696 -1.13656 3.43 3.81459 2.37077 3.16783 6.62962 0 0.793426
94.7536 -0.490762 0.813176 0.885115 0.955844 1.618 3.20824 2 0.751648
99.1646 6.9529 1.4403 0.665936 1.73694 1.99914 6.29634 1 0.485356
102.356 -3.44469 1.10943 0.887116 1.00224 1.94493 2.604 2 0.475605
88.6565 -1.16277 0.526706 0.353495 0.439558 0.973921 6.62791 2 0.201499
82.8946 -1.1578 0.959986 0.869393 1.92714 1.72584 6.20164 1 0.170508
103.318 -4.28496 0.7623 0.576447 0.769379 1.31151 2.60692 2 0.155335
101.881 4.39248 1.38127 0.659143 1.71105 1.62306 5.86033 1 0.118998
92.008 6.47856 0.566624 0.438003 0.501501 1.10064 6.49693 2 0.114765
85.7563 18.5603 0.480722 0.736748 0.709998 1.13724 6.46336 2 0.104477
92.2871 -7.29664 0.479743 0.463528 0.521224 1.03522 6.06529 2 0.100525
