94.0009 -0.530741 0.968543 0.968555 0.857389 1.86381 2.75512 2 0.810779
98.065 7.02481 1.4057 0.603978 1.71922 1.90917 6.49864 1 0.514156
86.3316 13.2924 0.805349 0.754449 0.667796 1.57784 6.19108 2 0.348645
89.8667 -1.3956 1.45454 1.3091 1.68021 1.77282 6.19639 1 0.272025
101.738 -3.64449 1.13291 0.742299 0.866913 1.87682 2.96063 2 0.256459
82.4286 1.35455 0.471525 0.818797 0.830477 1.2738 6.05052 2 0.249082
78.616 -8.25749 1.41384 1.64068 2.11687 1.55214 6.17058 1 0.235812
92.325 -2.06958 0.397951 0.584811 0.65169 0.985642 6.14866 2 0.234056
85.7182 10.041 0.67268 0.787021 0.752199 1.32795 6.6992 2 0.202443
87.4111 9.19298 0.615543 0.752908 0.735852 1.2791 6.52409 2 0.199308
95.6678 -3.01513 0.516139 0.469909 0.536196 1.09047 5.87645 2 0.153295
82.5632 -0.839138 0.971689 0.721104 1.96855 1.7022 6.36668 1 0.145844
102.935 -3.92469 1.13448 0.386348 0.546238 1.79131 6.19011 2 0.135232
93.7274 -6.04794 0.494615 0.489822 0.502236 1.07226 6.11387 2 0.127218
94.7152 1.03362 0.554883 0.575323 0.596857 1.09795 6.3005 2 0.123049
