93.8005 -0.55248 0.853486 0.900206 0.970748 1.69391 2.91552 2 0.657098
101.384 -3.50206 1.10943 0.81032 0.857624 1.96138 2.63085 2 0.632049
98.0113 7.01281 1.47438 0.867697 1.6331 2.04396 6.41649 1 0.442155
82.4365 1.42002 0.497159 0.890153 1.0104 1.32374 2.81957 2 0.33372
90.0609 -0.801599 2.75753 3.53309 1.57062 2.81237 6.78416 0 0.258326
78.6473 -8.30489 1.3884 1.64243 2.10656 1.56012 6.14714 1 0.219003
92.3177 -2.07213 0.386993 0.589254 0.666819 0.982519 6.12474 2 0.213705
82.5244 -0.749756 0.976268 0.766488 1.89367 1.70324 6.46666 1 0.189221
94.7169 1.01968 0.512226 0.596345 0.618365 1.08675 6.30838 2 0.183594
93.7115 -6.04728 0.497941 0.499849 0.501012 1.07698 6.13853 2 0.157137
95.6642 -3.02166 0.530032 0.462398 0.531245 1.10387 5.86717 2 0.148294
90.8921 12.3693 0.560362 0.522687 0.65488 1.14616 4.14843 2 0.131619
85.6612 1.31532 0.533359 0.581536 0.632411 1.1147 6.31338 2 0.127653
