97.8129 6.88896 1.53086 0.801705 1.72279 2.05519 6.50926 1 0.705379
93.3528 -0.472202 0.910232 0.950981 0.838269 1.74034 6.18461 2 0.664105
90.5524 -0.414026 2.97392 4.46842 1.82953 3.44516 6.76341 0 0.584627
100.845 -3.49546 1.10082 0.864031 0.996016 1.92297 2.34588 2 0.462473
85.7224 0.835037 0.965074 0.551811 1.95937 1.67438 6.14708 1 0.320396
103.917 6.22582 1.04055 0.550453 0.59048 1.86928 6.42448 2 0.267791
82.3354 1.2387 0.974233 0.433545 1.77206 1.75045 6.35789 1 0.210117
95.6684 -3.02052 0.521227 0.46648 0.546905 1.10441 6.05113 2 0.154823
92.2394 -1.54327 1.04648 0.777039 1.8871 1.75195 6.16295 1 0.139866
82.6497 -0.659006 0.953117 0.848425 1.89668 1.60807 6.28383 1 0.130507
