97.25 6.85976 1.13526 1.13249 1.05548 2.09375 2.69237 2 0.568416
100.399 -4.34822 1.40671 0.842645 1.82731 1.85563 6.22136 1 0.498535
89.6448 -0.852783 3.24524 4.38407 2.14783 2.99376 6.68504 0 0.491212
92.7454 -0.440592 0.739602 0.932702 0.978183 1.5825 2.67938 2 0.477067
81.2405 13.2081 0.524553 0.84939 0.734057 1.20116 6.30972 2 0.325092
99.6224 3.62073 1.47184 0.7134 1.7075 1.53219 6.06541 1 0.311113
103.919 6.22351 1.0249 0.54139 0.584028 1.8536 6.27507 2 0.243642
79.0364 17.8388 0.526314 0.746525 0.64143 1.17822 6.32029 2 0.202759
84.3174 -3.6384 0.468003 0.850895 0.653921 1.18775 6.40452 2 0.145115
83.578 16.5345 0.654678 0.398223 0.379478 1.21236 6.19597 2 0.112991
