86.9191 -0.731235 3.07879 3.91316 2.08124 3.14587 6.60203 0 0.778313
90.2815 -0.521795 0.914928 0.90522 0.858488 1.74971 2.73827 2 0.724481
97.727 -4.70026 1.54816 0.945101 1.73038 2.08126 6.28155 1 0.588416
95.0271 6.45465 1.07969 1.07905 1.04102 1.99543 2.42919 2 0.426799
101.406 5.82431 1.12274 0.537439 0.594821 1.97411 2.64715 2 0.233706
97.4058 3.34723 1.41536 0.842645 1.79043 1.42294 5.93187 1 0.165863
85.7227 24.3328 0.952609 0.404108 1.72995 1.71974 3.29308 1 0.148541
87.2064 6.90441 1.03224 0.633273 1.8358 1.8111 6.62913 1 0.139866
83.41 -4.62758 0.305689 0.598095 0.514649 0.956717 6.08128 2 0.118793
89.7526 1.11542 0.481309 0.508837 0.685303 1.01991 6.31657 2 0.110856
82.6958 0.130786 0.996111 1.05898 2.00412 1.71199 5.97679 1 0.102664
102.739 -1.77933 0.613977 0.49246 0.54918 1.17334 5.75749 2 0.101589
