89.9535 -0.460425 1.03351 0.913546 0.805614 1.91011 2.1538 2 0.863622
86.7266 -0.756414 2.88903 4.18746 2.10167 3.57497 6.63279 0 0.849222
97.3996 -4.60755 1.4871 0.883515 1.69898 1.98886 6.38304 1 0.590307
94.9598 6.56957 1.11726 1.21558 1.05715 2.12516 2.64672 2 0.403567
94.9214 5.35435 0.713381 0.812995 0.976751 1.54954 3.36425 2 0.283781
97.7116 4.04332 1.20962 0.69465 0.957801 1.92626 3.33825 2 0.267408
101.407 5.82401 1.12039 0.53626 0.59395 1.97026 2.73504 2 0.236516
82.8016 1.67474 0.577777 0.844015 0.811834 1.36393 6.20323 2 0.185062
102.901 -1.80635 0.590105 0.470138 0.613852 1.16336 6.05186 2 0.119408
87.207 6.89267 1.04648 0.637617 1.84378 1.82041 6.59398 1 0.117572
82.6289 -0.438377 0.981356 0.867697 1.93264 1.74576 6.06382 1 0.101589
35.9078 1.74927 0.668376 0.614825 0.664057 1.38524 6.27409 2 0.101411
