89.8079 -0.480268 0.951715 0.868154 0.999548 1.81631 2.44433 2 0.818447
86.4752 -0.557625 3.01553 3.99302 2.10989 3.1603 6.57518 0 0.756717
97.2028 -4.61851 1.47896 0.809177 1.80922 2.02345 6.29323 1 0.595963
94.6874 5.63118 0.845659 0.843681 0.982131 1.70512 6.91795 2 0.403097
97.7141 4.0482 1.21431 0.693717 0.950724 1.93215 3.34386 2 0.282196
82.5939 -0.549602 0.946757 0.623455 1.97123 1.6575 6.08421 1 0.228845
88.6166 -1.06591 0.417127 0.540598 0.530467 0.929095 5.99968 2 0.18418
94.9264 6.73115 1.09221 1.00235 1.06727 1.96378 2.98473 2 0.122104
92.0254 3.33394 0.396581 0.429951 0.451964 0.886982 6.04429 2 0.109135
81.1984 13.2143 0.566428 0.881772 0.920827 1.34771 2.87304 2 0.108566
102.737 -1.7793 0.615543 0.493905 0.553082 1.17736 5.73112 2 0.107625
83.7047 1.84122 0.418301 0.635737 0.646461 1.11497 6.4232 2 0.104112
