86.2305 -0.636996 3.35011 4.24484 2.31048 3.20419 6.49644 0 0.826432
89.4651 -0.519449 1.09221 0.966193 0.999975 1.96138 2.97899 2 0.583678
96.9298 -4.62902 1.34871 0.530154 1.75334 1.72626 6.24479 1 0.578924
94.4361 6.39585 1.3365 0.725342 1.84501 1.92015 6.28006 1 0.323808
82.7534 -0.500734 0.297568 0.621844 0.61912 0.980362 6.25483 2 0.226099
85.1136 20.3769 0.888754 0.444259 1.79986 1.58276 6.50779 1 0.150029
83.2504 1.61408 1.05615 1.01049 1.6437 1.76246 6.43187 1 0.149531
91.4991 3.11404 0.408126 0.687144 0.668775 1.08649 6.1129 2 0.141756
96.5121 2.63031 3.11041 4.32487 1.58062 2.60038 6.57298 0 0.140808
88.8614 1.61521 0.344237 0.598825 0.604335 0.97297 6.03294 2 0.113187
