85.4546 -0.674277 3.23192 3.73944 2.33344 3.08069 6.52867 0 0.813164
88.836 -0.290428 0.817872 0.831793 1.00677 1.65756 3.15203 2 0.627038
95.9203 -4.65871 1.42198 0.960453 1.63929 1.50696 6.35008 1 0.515132
94.084 6.66216 1.08413 0.767986 1.8818 1.74811 6.42308 1 0.460046
95.5241 2.62154 3.26189 4.077 1.62444 2.73451 6.77415 0 0.382603
90.2165 1.47494 0.542751 0.718408 0.708526 1.16109 6.26684 2 0.228156
88.0243 1.16508 0.489527 0.637836 0.91595 1.19999 6.21977 2 0.201499
83.4179 17.2674 1.11466 0.761266 1.95695 1.82999 6.63035 1 0.18743
82.715 1.2188 0.913685 0.638551 1.83737 1.66277 6.36497 1 0.170232
94.0715 -4.64319 0.520053 0.517355 0.48465 1.02791 6.04454 2 0.129513
89.6992 14.8448 1.12586 1.47627 1.96275 1.68916 6.46062 1 0.123683
