95.9247 -4.70832 1.57055 1.12563 1.73418 1.98813 6.24495 1 0.758153
88.5107 -0.287641 0.869922 0.93145 1.04662 1.72059 2.53777 2 0.746139
84.6162 -0.828437 3.20862 3.85343 2.29306 3.04034 6.6306 0 0.59408
93.4805 6.89589 0.738428 0.847293 1.04662 1.51425 3.05828 2 0.464416
95.4941 2.6104 3.32181 4.23346 1.70906 2.61694 6.68016 0 0.286568
93.9916 6.00508 0.675029 0.687395 0.964665 1.43585 2.71923 2 0.260578
90.2126 1.46568 0.588344 0.736343 0.688826 1.23025 6.25358 2 0.229535
94.0735 -4.64773 0.516335 0.541126 0.477369 1.04947 6.05339 2 0.178956
87.9771 1.17509 0.535707 0.676903 1.01554 1.24566 2.8225 2 0.16398
101.029 -2.10151 0.693031 0.617231 0.615954 1.34098 6.18034 2 0.124426
82.6171 1.11725 0.990514 0.485073 2.09131 1.65346 3.1477 1 0.122628
