95.5338 -4.8072 1.58174 1.28566 1.8511 2.13172 6.27177 1 0.848219
84.4485 -0.657202 3.19031 4.32857 2.31896 3.20009 6.60301 0 0.66061
88.2429 -0.223302 0.815133 0.94531 1.10992 1.60899 2.45556 2 0.607197
95.0539 2.58451 3.11208 3.85626 1.59535 2.83236 6.74339 0 0.48438
100.904 -2.01712 0.63785 0.731639 0.835663 1.27692 2.98351 2 0.397003
100.792 -13.0634 0.890789 0.602505 1.75698 1.64199 6.12071 1 0.342022
93.581 6.68214 1.17267 1.05177 1.75248 1.84142 6.22499 1 0.29381
90.2304 1.45807 0.566819 0.719681 0.680635 1.21443 6.33171 2 0.271638
35.8965 1.75717 0.42515 0.678144 0.588322 1.13891 6.37956 2 0.163713
80.5813 11.9303 0.663288 0.732577 0.701641 1.34639 6.95408 2 0.160529
82.6346 1.16011 0.985426 0.423915 1.99664 1.63439 3.16115 1 0.13229
73.8858 16.0795 1.57157 1.68472 2.13725 1.75259 6.26921 1 0.104295
87.9521 0.734393 0.545491 0.502418 0.584884 1.00902 6.0764 2 0.100702
