84.4308 -0.628224 3.19364 3.98037 2.34801 3.12024 6.48167 0 0.802246
88.1455 -0.448914 0.853486 0.970567 0.773523 1.73387 2.04784 2 0.755997
95.3911 -4.97393 1.54511 0.952048 1.9611 2.06169 6.26672 1 0.574156
100.907 -2.02049 0.603802 0.726433 0.839088 1.25789 2.98656 2 0.454714
100.789 -13.0632 0.903509 0.601917 1.76785 1.66317 6.09739 1 0.364778
95.7225 3.93657 1.45658 0.695854 1.75924 1.72163 6.07847 1 0.258326
93.529 6.64659 1.18946 0.857169 1.71502 1.80228 6.1942 1 0.242206
89.4255 8.18424 1.10398 0.801314 1.83054 1.7752 6.69627 1 0.149531
90.5161 2.43919 0.436694 0.433112 0.516915 0.939588 6.40501 2 0.148541
35.8885 1.7619 0.412235 0.646379 0.546238 1.09154 6.3571 2 0.136148
93.5172 2.16299 1.08595 0.669017 0.830274 1.83603 3.41668 2 0.130175
73.9084 16.0717 1.52984 1.71795 2.25684 1.72669 6.32878 1 0.118589
