84.2844 -0.49691 3.54985 4.46856 2.44722 3.18995 6.43895 0 0.834677
87.6813 -0.392786 0.755256 0.782208 0.745981 1.55073 6.25856 2 0.716615
94.9507 -4.96149 1.48812 0.597816 1.84546 1.93391 6.25963 1 0.50293
100.833 -1.82164 0.53238 0.4921 0.561792 1.07331 6.39854 2 0.314471
92.8423 6.07045 0.684812 0.818397 1.10262 1.46408 2.89525 2 0.291384
95.7394 4.00616 1.55528 0.740732 1.68864 1.68319 6.26079 1 0.277473
94.1127 -5.66632 1.03682 0.9713 1.82374 1.61319 6.20146 1 0.201499
83.3569 3.67735 0.284654 0.721176 0.598024 1.02791 6.24797 2 0.170784
86.3887 5.01146 0.51066 0.614225 0.72356 1.13641 6.65208 2 0.170232
93.4656 2.14884 1.16344 0.700867 0.849264 1.94208 6.69108 2 0.160003
93.7386 6.87389 1.18589 0.639799 1.61328 1.66724 6.4171 1 0.154567
88.2484 2.29409 0.487375 0.449706 0.481583 0.999698 6.01097 2 0.148541
35.8577 1.74341 0.497746 0.653201 0.599632 1.21562 6.25651 2 0.143188
90.5177 2.4562 0.440608 0.433535 0.500034 0.943726 6.57567 2 0.116764
100.806 -13.5738 0.598715 0.36543 0.541723 1.02641 5.90721 2 0.112405
82.8097 14.9009 1.01901 0.842645 1.90922 1.76893 6.46824 1 0.112016
89.4048 8.19164 1.15282 0.76201 1.82686 1.83737 6.67405 1 0.103386
