83.8182 -0.503367 3.64972 4.16376 2.43381 3.08107 6.44627 0 0.820757
87.3422 -0.401145 0.673854 0.869214 0.747257 1.47485 5.87498 2 0.642881
92.6961 6.22072 0.649982 1.022 1.03254 1.47656 2.86425 2 0.52342
99.0559 5.32783 1.12508 0.548709 0.689836 2.04525 3.05926 2 0.442155
95.8316 4.66318 1.2284 0.826176 0.721091 2.06028 3.15203 2 0.287368
94.4878 -5.74412 1.17979 0.850914 1.63489 1.72753 6.11705 1 0.267791
88.1087 1.8342 1.16605 0.624674 1.88854 2.01698 6.17186 1 0.149531
83.3578 3.68038 0.29522 0.722806 0.598901 1.03547 6.30841 2 0.149283
86.3853 5.01135 0.518879 0.605588 0.721003 1.14086 6.59129 2 0.143668
88.1977 17.5329 0.592062 0.418967 0.450202 1.08675 6.46312 2 0.129073
90.5303 2.47457 0.433172 0.424942 0.494933 0.934099 6.48314 2 0.115961
89.4219 8.22125 1.18996 0.802488 1.80701 1.87476 6.66844 1 0.104112
