83.5571 -0.550821 3.53321 4.23656 2.56639 3.14894 6.49742 0 0.820182
87.1965 -0.461598 0.73921 0.907544 0.772202 1.57584 6.01439 2 0.362969
94.0609 2.59815 2.87405 4.84954 1.73852 2.73518 6.60399 0 0.328529
92.4208 6.0266 0.655461 0.959025 1.09244 1.52799 2.80199 2 0.286968
94.5761 -5.08837 1.2037 1.27815 1.91074 1.50549 6.31465 1 0.283385
88.0321 1.87479 1.17623 0.555054 2.0565 1.9157 6.12071 1 0.150528
95.0345 -7.34617 0.533359 0.485536 0.543843 1.06547 6.44041 2 0.131842
98.6918 5.28316 0.949758 0.338959 0.378923 1.45926 6.20183 2 0.129403
86.3942 5.01036 0.529837 0.596345 0.704473 1.13946 6.51317 2 0.122418
91.8842 7.17369 0.849963 0.585525 0.796666 1.4259 3.01848 2 0.104112
