83.4306 -0.637078 3.49326 4.12783 2.53571 3.21301 6.51585 0 0.841044
98.5136 5.2532 0.887533 0.652085 0.636283 1.71912 6.70482 2 0.635675
86.8722 -0.480708 0.889099 0.967609 0.827947 1.72701 5.90477 2 0.448909
99.6076 -2.31022 0.744298 0.553823 0.586028 1.38371 6.27908 2 0.344664
94.143 -4.93435 1.13196 1.28316 1.91465 1.83133 6.3174 1 0.324235
92.1115 6.58164 1.1167 0.610203 1.94323 1.78215 6.43626 1 0.317003
92.11 -2.41354 0.62063 0.742843 0.720651 1.21651 5.84666 2 0.174692
93.6854 2.58158 2.69095 4.35832 1.67028 2.89881 6.48192 0 0.174692
81.9422 15.0148 0.517313 0.788091 0.80473 1.21384 6.5637 2 0.157914
88.0809 -1.23901 0.958205 0.541138 1.88669 1.74896 6.24165 1 0.152032
90.1617 1.01653 0.646068 0.542581 0.720211 1.20616 6.47496 2 0.145844
88.1813 1.06815 0.395015 0.478943 0.470657 0.96375 6.1757 2 0.112016
