83.0459 -0.537094 3.36342 3.94337 2.29839 3.121 6.51536 0 0.693888
98.1044 5.27256 1.15091 0.666328 0.757821 2.10297 6.99089 2 0.690976
99.2664 -2.28192 0.684421 0.753483 0.947653 1.4286 2.8557 2 0.689724
86.6455 -0.397552 0.922364 0.817798 0.712777 1.79121 6.34831 2 0.602529
92.0686 5.93222 0.677377 0.912543 1.07853 1.4827 2.92443 2 0.507812
93.5067 -4.74553 1.45861 0.875784 1.86392 1.87258 6.25099 1 0.356671
94.5518 -5.27055 1.36397 1.09794 1.79722 1.72563 6.16978 1 0.311113
93.5107 2.49922 2.71758 4.43236 1.78279 2.75394 6.48497 0 0.286169
91.8273 7.80546 0.760344 0.797104 0.864351 1.42364 2.80321 2 0.245447
86.1834 -2.76188 1.0073 0.474763 1.85246 1.76634 6.19322 1 0.217338
86.1737 -8.08861 0.938617 0.434392 1.7935 1.68998 5.99998 1 0.200558
92.1109 -2.41345 0.603411 0.738413 0.72648 1.22935 5.77098 2 0.178956
90.1382 1.03831 0.635111 0.607069 0.707662 1.21681 6.58104 2 0.127002
88.3185 -1.94883 1.07905 0.72322 1.96158 1.94635 6.16002 1 0.112795
