99.1725 -2.2355 0.84018 0.957154 0.794045 1.71304 2.15087 2 0.885037
98.0768 5.22175 1.12665 0.735265 0.765445 2.06229 3.92938 2 0.67405
93.651 -4.9972 1.4291 1.28457 1.93639 1.80977 6.12803 1 0.665845
82.5326 -0.216839 3.16867 3.83326 2.16098 3.13379 6.60399 0 0.558809
86.3065 -0.39088 0.750951 0.816103 0.738461 1.53932 6.3067 2 0.52342
93.2917 2.53618 2.78916 4.37812 1.74192 2.95166 6.59935 0 0.401219
92.0981 -2.41593 0.584626 0.780444 0.715916 1.22336 5.64842 2 0.311951
86.263 -2.81683 0.944468 0.593744 1.89327 1.67561 6.22737 1 0.260201
95.0296 -5.86258 0.875401 0.747847 0.861769 1.76829 6.68523 2 0.214034
91.8079 6.02132 0.631197 0.927819 1.11521 1.47953 3.03228 2 0.208501
83.1448 3.33185 0.538838 0.814486 1.02275 1.33445 2.69555 2 0.200871
90.142 1.03186 0.640589 0.609891 0.720475 1.21592 6.56224 2 0.153295
88.5545 1.13108 0.399614 0.424734 0.425618 0.921865 5.94969 2 0.139631
83.4979 -2.10572 0.405386 0.46037 0.50371 0.94742 6.50108 2 0.139396
88.3252 -1.97842 1.10703 0.710271 1.92937 1.93604 6.11387 1 0.105211
