82.3529 -0.0622083 3.04383 3.74949 2.16204 3.17635 6.6555 0 0.801625
85.9033 -0.138285 0.752517 0.86609 0.73343 1.62443 6.63524 2 0.71423
97.8167 5.0949 1.11256 0.788451 0.815608 2.04874 3.56151 2 0.690559
98.8276 -2.2289 0.701641 0.978776 1.09338 1.53936 2.54589 2 0.557845
93.338 -4.89651 1.46981 1.27007 1.82318 1.88049 6.24284 1 0.431105
91.4283 6.01776 0.695379 0.94151 1.16688 1.50733 2.93273 2 0.352202
88.3523 1.21941 0.464089 0.835762 0.770978 1.25451 6.3361 2 0.327668
93.7496 3.86547 1.3884 0.617999 1.59955 1.75988 6.11656 1 0.257205
93.7079 10.7766 0.560362 0.758512 0.789068 1.25451 6.79442 2 0.233706
83.4845 -2.12134 0.490701 0.412875 0.517673 1.0487 6.55125 2 0.229881
92.098 7.61458 1.0068 0.755711 1.68761 1.65568 6.37071 1 0.143908
93.3823 -11.1017 0.563884 0.486485 0.436564 1.1147 6.70866 2 0.134776
91.7705 2.3199 1.18927 0.712252 0.852952 1.90684 3.15055 2 0.116362
83.8355 19.3193 1.10856 0.562145 1.93686 1.91033 3.16646 1 0.108378
