85.5902 -0.0930092 0.77678 0.89522 0.682632 1.63218 6.52781 2 0.890485
82.2598 -0.0711426 3.01553 4.03344 2.20953 3.27708 6.54417 0 0.846197
97.5371 5.02756 0.880098 0.859507 0.745526 1.72374 3.30834 2 0.836821
98.3005 -2.16709 0.667984 0.975317 1.03784 1.49752 2.52245 2 0.670177
92.4269 -4.69708 1.10245 0.557226 1.72826 1.797 6.32771 1 0.322526
91.0943 6.26395 1.09838 0.767237 1.68062 1.75452 6.35215 1 0.320396
93.7418 -4.97102 1.11569 0.981888 0.998816 2.02191 2.98449 2 0.282196
93.6631 3.78352 1.47286 0.904467 1.51332 1.72943 6.20335 1 0.257578
92.3811 7.40014 0.947019 0.787598 0.816604 1.73535 2.29003 2 0.215021
93.7177 10.7741 0.540794 0.735804 0.772768 1.23688 6.61302 2 0.172729
83.4358 -2.05686 0.361555 0.58624 0.614302 1.03446 6.43516 2 0.164785
85.9792 1.69879 0.399125 0.454119 0.526853 0.925473 6.34996 2 0.116764
83.142 3.21684 0.414779 0.571264 0.804091 1.06054 6.06358 2 0.111628
88.265 1.19209 0.994585 0.819916 1.78378 1.6754 6.33326 1 0.104477
