97.2965 4.99813 0.876575 0.905773 0.782832 1.75763 6.78856 2 0.841044
85.3801 -0.083954 0.725904 0.915779 0.929012 1.57623 6.18583 2 0.796609
81.5711 -0.149602 2.99889 3.62616 2.2323 2.9799 6.44407 0 0.779658
98.2017 -2.18425 0.647242 1.03014 1.0026 1.4978 2.62304 2 0.770119
92.3459 -4.63938 1.43266 0.878354 1.61368 1.89709 6.47423 1 0.367497
91.2363 6.25005 1.08261 1.13059 1.6907 1.86062 6.26548 1 0.304455
93.3261 3.72766 1.49118 0.998713 1.45463 1.84479 6.24235 1 0.280222
83.7634 0.908018 0.858573 0.734861 0.870731 1.56953 6.54173 2 0.274351
93.7228 -4.89371 1.13917 0.899932 0.902472 2.16867 3.1159 2 0.273186
90.9982 2.16171 1.50237 1.12233 1.49861 1.52175 6.2231 1 0.185357
92.2329 7.04805 1.30546 0.522955 1.74373 1.98564 6.14756 1 0.168036
93.7213 10.7734 0.53962 0.733338 0.769286 1.23266 6.57444 2 0.159217
88.3683 1.16497 0.439825 0.559531 0.700528 1.04538 6.31859 2 0.105763
