81.1189 -0.400358 3.17367 3.31417 2.49579 2.88892 6.25853 0 0.859899
92.1352 -5.00979 1.56546 1.5171 1.8613 2.06119 6.26895 1 0.820182
96.7074 5.02752 0.965804 0.824439 0.747348 1.78858 3.34008 2 0.72526
84.9593 -0.0215574 0.637067 0.984168 0.936356 1.50991 3.51562 2 0.690559
97.6014 -2.46812 0.884794 0.719549 0.766848 1.74151 2.78484 2 0.661923
90.9087 6.56979 1.16249 1.27162 1.67325 1.77694 6.31807 1 0.505859
92.7306 4.00299 1.52272 0.737124 1.91635 1.9854 6.23777 1 0.486332
80.8363 1.97565 0.422019 0.489464 0.534367 0.931821 6.34764 2 0.224735
83.1606 -2.72699 0.417127 0.650495 0.691522 1.09956 5.9348 2 0.211417
82.7585 1.70015 0.555666 0.752793 0.978243 1.41307 3.00329 2 0.131731
