80.853 -0.373109 3.42335 3.39442 2.67857 3.02701 6.27223 0 0.911022
84.602 0.0193539 0.830787 0.851258 0.951682 1.72796 3.61083 2 0.715821
96.5847 5.01146 0.984198 0.734637 0.776551 1.75057 3.04394 2 0.632957
91.5611 -4.97919 1.5044 1.20644 1.64309 2.0093 6.33949 1 0.581778
97.5024 -2.52234 0.882446 0.623364 0.679473 1.71597 2.91277 2 0.49707
92.6929 3.98672 1.57971 0.812344 1.89946 1.91267 6.21544 1 0.383526
90.6231 6.45767 1.06327 1.17965 1.83446 1.60768 6.28569 1 0.343782
95.6745 -5.35222 0.559775 0.637369 0.548912 1.19677 5.83073 2 0.228156
80.8655 1.99215 0.401277 0.488032 0.501991 0.910235 6.19725 2 0.213705
88.8472 -1.99486 0.410278 0.5962 0.591346 0.997991 6.07689 2 0.112405
82.7651 2.45662 1.01901 0.795466 1.95319 1.8025 6.12462 1 0.107437
