80.5881 -0.278892 3.49659 3.40272 2.72799 3.00107 6.36509 0 0.91228
84.3697 0.0942519 0.685986 0.97389 0.898697 1.53552 3.24474 2 0.788257
90.5427 6.23053 1.09075 1.25957 1.77217 1.39065 6.42747 1 0.464902
91.2893 -5.0448 1.5329 1.12288 1.59663 2.12834 6.35643 1 0.359364
97.0075 -2.43168 0.97637 0.523326 0.573012 1.71116 6.02995 2 0.33939
92.251 3.98053 1.53391 0.676754 1.94997 1.85801 6.0178 1 0.303629
82.8323 0.109979 0.534533 0.799943 0.771731 1.27334 6.42088 2 0.296247
96.5952 4.9643 0.885968 0.614225 0.679307 1.50678 2.74364 2 0.277082
82.5111 2.65139 0.486983 0.439074 0.549717 1.04054 6.21183 2 0.152537
83.209 -3.31326 0.442565 0.696688 0.746437 1.14448 6.17711 2 0.137764
95.6815 -5.35193 0.545295 0.626033 0.517673 1.18804 6.03581 2 0.131173
