80.3198 -0.28604 3.43666 3.41354 2.76774 3.00327 6.38109 0 0.89534
84.0644 0.051762 0.714164 0.89522 1.123 1.5612 3.12751 2 0.794066
91.08 -5.16737 1.52069 1.30894 1.79931 2.11235 6.41002 1 0.702122
96.6606 -2.66249 0.951715 0.734413 0.795451 1.71734 6.58226 2 0.502441
83.4317 -3.67826 0.443935 0.95844 0.966846 1.33347 5.78123 2 0.414425
92.3136 3.95737 1.61227 0.734968 1.89518 1.78716 6.10545 1 0.296654
89.5794 6.26895 1.07192 0.57044 1.6327 1.68833 6.33192 1 0.252016
82.5625 0.455325 0.468394 0.696943 0.673362 1.18312 6.30813 2 0.239349
86.8244 -4.09438 0.994585 0.526028 1.98128 1.83066 6.12828 1 0.19163
82.9339 -1.0573 0.912922 1.12865 1.78008 1.56776 6.05827 1 0.112405
85.7684 1.70165 0.330149 0.408463 0.50915 0.876648 6.25276 2 0.103386
82.8297 16.7439 0.549209 0.891349 0.994618 1.3621 6.23143 2 0.100348
