80.072 -0.225382 3.47994 3.38863 2.621 3.03626 6.29997 0 0.897874
96.5445 -2.49712 0.913363 0.87235 0.800956 1.77304 6.41197 2 0.726037
83.5919 -0.0649637 0.620239 1.00874 1.19135 1.47476 3.03417 2 0.549157
83.4336 -3.70362 0.434151 0.915332 0.961491 1.30608 2.90587 2 0.373419
95.5983 5.04552 1.03586 0.743978 0.892053 1.832 3.307 2 0.348645
89.502 6.34717 0.97911 0.807543 1.10599 1.75581 2.71068 2 0.322099
90.5429 -5.06514 1.12274 1.0644 1.15498 1.97002 2.50048 2 0.300746
92.6421 7.82144 0.95846 0.568217 1.87201 1.73366 6.39805 1 0.282592
92.7099 -2.62645 1.1747 0.800141 1.46712 1.5077 6.59129 1 0.239349
94.1672 -3.30269 1.15231 0.696533 1.72027 1.53819 6.34703 1 0.2227
90.5406 -6.27842 0.809654 0.827514 0.86269 1.57621 6.85496 2 0.204978
86.8123 -4.08493 0.999164 0.523977 1.9786 1.82619 6.1356 1 0.199932
82.8701 -1.13859 0.409691 0.669589 0.847426 1.14504 6.1754 2 0.192843
91.9279 3.96674 1.49016 0.917814 1.82341 1.85393 6.18309 1 0.182426
84.4033 -3.43879 0.347857 0.60308 0.638305 1.04359 5.90745 2 0.129183
82.4967 0.702571 0.458415 0.647564 0.72356 1.18746 6.4669 2 0.121269
85.776 1.70711 0.369675 0.422459 0.511892 0.896124 6.44615 2 0.116563
85.5924 11.6375 0.845659 0.379616 0.39076 1.3871 6.72917 2 0.111241
104.607 -9.8475 0.605368 0.486723 0.514649 1.18428 6.14317 2 0.105948
94.3967 -1.53015 0.647634 0.477076 0.522498 1.18081 6.19694 2 0.10393
81.3032 -6.3435 0.540599 0.569037 0.542782 1.15543 6.24193 2 0.100525
