79.948 -0.141602 3.52988 3.15777 2.66016 2.97481 6.40733 0 0.777638
83.5033 0.00373858 0.685986 1.0367 1.28376 1.54044 3.15961 2 0.76454
96.2169 -2.47435 0.797913 0.998568 0.843092 1.67817 6.08006 2 0.688887
95.3789 4.95816 1.03742 0.762388 0.752016 1.87019 3.42821 2 0.637482
90.2046 -5.05714 1.23466 1.22123 1.11399 2.17662 2.36327 2 0.404037
85.7463 1.36857 0.867384 0.499982 1.71565 1.58469 6.29817 1 0.330687
89.4901 6.20458 1.46981 0.847597 1.71272 2.0459 6.22032 1 0.286568
78.9602 18.1217 0.560753 0.5728 0.608481 1.12729 6.69163 2 0.25128
92.6149 7.71372 1.07498 0.538502 1.90783 1.8475 6.42833 1 0.243283
82.8046 -1.15848 0.428672 0.687144 0.823914 1.15487 6.18504 2 0.23092
81.0998 -6.66274 0.905799 0.527571 1.86653 1.67438 6.10508 1 0.223038
90.5113 -6.27312 0.996329 0.795582 0.826432 1.79099 7.02195 2 0.208501
86.7517 -4.01596 1.03224 0.529119 2.06273 1.7672 6.07542 1 0.169681
91.1266 -0.885138 0.420649 0.415504 0.476205 0.941885 5.97532 2 0.162115
91.5792 3.87259 1.56139 0.974626 1.50742 1.66155 6.22862 1 0.160003
86.5396 13.2438 1.08108 0.544318 1.64029 1.81752 6.39402 1 0.159741
81.0905 11.1093 0.979321 1.20998 1.93888 1.63479 6.38987 1 0.155848
86.2706 24.4801 1.04089 0.600743 1.83233 1.82642 6.25244 1 0.14731
83.703 -3.70444 0.519661 0.901581 0.971282 1.33902 5.83446 2 0.127761
85.0367 12.2085 1.42961 1.20762 2.11648 1.54006 6.57737 1 0.122839
94.107 -3.77622 1.15333 1.30018 1.86096 1.75088 6.23613 1 0.111048
94.478 -1.76143 1.00273 1.51747 1.83401 1.82999 6.69236 1 0.108378
82.5324 2.44806 1.19149 1.19589 1.99471 1.79876 6.08519 1 0.104843
82.4491 0.704111 0.496572 0.717138 0.783693 1.24871 6.47154 2 0.100879
