79.5867 -0.134942 3.62309 3.4656 2.7467 3.08257 6.31764 0 0.790854
95.9553 -2.44718 0.765431 1.02738 0.871475 1.59822 2.61083 2 0.784319
95.3157 4.90185 1.08282 0.673606 0.72879 1.89756 3.23559 2 0.658857
89.98 -5.16086 1.539 0.998713 1.60817 2.15599 6.23472 1 0.416797
83.0922 0.0273481 0.653113 1.08964 1.22437 1.49451 3.11941 2 0.311532
91.4591 3.76286 1.51254 1.18311 1.68021 1.89304 6.15074 1 0.282592
89.2425 5.97494 1.10004 1.11766 1.11426 2.10092 2.47772 2 0.249082
92.6643 7.79533 0.969145 0.625284 1.87888 1.72816 6.38475 1 0.22919
83.3852 -1.82292 0.515356 0.471978 0.545172 1.04334 6.52464 2 0.156105
94.4407 -1.75187 1.00171 1.53879 1.90463 1.83289 6.68675 1 0.143427
86.2592 24.4812 1.05615 0.598108 1.84558 1.84671 6.27539 1 0.132964
87.9774 4.96213 0.489136 0.606032 0.604188 1.08067 6.00633 2 0.13229
93.0884 4.4044 0.583843 0.588678 0.516663 1.0699 6.40886 2 0.117775
91.1369 -0.885798 0.432585 0.415098 0.469051 0.952522 5.95945 2 0.113187
80.5721 11.6733 1.14519 0.884379 1.97138 1.85246 6.46068 1 0.112405
82.5654 1.81561 0.949556 1.24885 1.94501 1.60807 6.24904 1 0.111628
101.163 28.4311 1.04089 0.927726 1.80569 1.82241 6.0587 1 0.110663
81.1835 -6.6252 0.472112 0.641975 0.893613 1.18601 2.74828 2 0.10725
