79.5036 -0.0375982 3.65305 3.56994 2.78927 3.16126 6.17235 0 0.879354
95.597 -2.47901 0.928625 0.937381 0.854463 1.79887 2.34325 2 0.799755
95.0317 4.93279 1.02098 0.76111 0.792834 1.92697 3.67968 2 0.651798
82.858 0.00183222 0.616326 1.07039 1.23007 1.45322 3.0396 2 0.609059
89.7091 -4.9759 1.56139 1.06157 1.65013 2.17502 6.29686 1 0.595963
89.1924 5.96565 1.3711 1.08251 1.69442 1.87556 6.4713 1 0.349977
85.7641 1.15115 0.468198 0.693633 0.851833 1.19736 6.68138 2 0.341143
83.3649 -2.10354 0.402255 0.827388 0.816455 1.17248 6.3148 2 0.282988
91.1372 3.92975 1.54002 0.807204 1.67509 1.8014 6.24553 1 0.282592
93.0066 4.90936 0.662505 0.910206 0.920335 1.44376 6.18968 2 0.242923
91.1024 -0.892983 0.465068 0.438217 0.472961 0.96234 6.02879 2 0.211091
80.2447 -11.0884 0.437282 0.719242 0.639553 1.11062 6.11534 2 0.193452
86.2628 24.4814 1.04546 0.598401 1.84175 1.83737 6.27992 1 0.136378
101.163 28.4313 1.04139 0.927726 1.80602 1.82352 6.05919 1 0.110471
102.424 3.67272 0.567015 0.562819 0.572173 1.16421 6.17351 2 0.109706
87.9644 4.94184 0.469177 0.548977 0.59744 1.0464 6.0709 2 0.103024
