79.454 -0.0967679 3.64972 3.40189 2.78425 3.06082 6.18956 0 0.85022
82.7952 0.00857562 0.75643 1.07826 1.27221 1.56994 3.00304 2 0.610918
89.496 -4.94149 1.45454 0.976054 1.60738 2.03807 6.34321 1 0.52683
95.2726 -2.61663 0.89536 0.746343 0.720035 1.72796 6.38487 2 0.5
88.6278 6.50151 1.39603 0.827154 1.85563 1.86415 6.32771 1 0.42919
94.454 5.41989 1.03885 0.701996 1.67878 1.72753 6.25287 1 0.374791
83.1836 -2.05007 0.511443 0.829992 0.813272 1.27458 6.49388 2 0.207536
82.5393 1.7022 0.521031 0.449706 0.530467 1.00361 6.3806 2 0.202128
80.4824 -8.85147 0.521814 0.876459 0.917405 1.29292 2.45458 2 0.176956
92.8592 4.91442 0.638241 0.820598 0.815807 1.29972 6.2946 2 0.171616
90.6009 3.9765 1.43165 0.843468 1.8638 1.79394 5.97532 1 0.142232
92.8427 -2.17037 3.46329 3.74858 1.65486 2.69672 6.07383 0 0.115162
101.162 28.4317 1.04343 0.927726 1.80635 1.82441 6.05967 1 0.109515
88.4988 -12.7654 0.63198 0.450585 0.445391 1.21029 6.27702 2 0.105948
