79.0051 0.170919 3.6131 3.49918 2.32633 2.87205 6.40245 0 0.831417
95.0387 -2.69252 0.88088 0.845175 0.779114 1.72416 2.45507 2 0.782995
88.6245 6.51204 1.40671 1.33509 1.86232 1.72205 6.36302 1 0.672762
89.1942 -4.97315 1.46624 0.920057 1.56689 1.99847 6.29222 1 0.512693
82.4215 1.66279 0.440217 0.738098 0.777689 1.16934 6.08128 2 0.385837
94.4079 5.11858 1.00181 0.89451 0.905058 1.78815 3.29674 2 0.336331
82.5477 0.189863 0.671115 1.09524 1.17202 1.52538 2.94793 2 0.28897
92.7679 5.20063 0.617891 0.68363 0.584742 1.21118 6.49968 2 0.262842
80.462 -8.85277 0.507921 0.897354 0.872646 1.25069 5.90916 2 0.155078
87.0188 24.638 0.511834 0.399001 0.348399 0.930457 6.37273 2 0.116764
