88.564 6.37912 1.56139 1.44904 1.81963 2.01821 6.32124 1 0.860838
78.7865 0.138715 3.53653 3.22478 2.48545 2.85178 6.30359 0 0.85561
94.7684 -2.69637 0.930974 0.892547 0.765445 1.8079 2.41259 2 0.818447
94.2843 5.32928 1.14824 0.557226 1.68206 1.70282 6.1212 1 0.510252
82.2446 0.126623 0.624153 0.99116 1.11494 1.50017 3.2166 2 0.413951
88.9258 -5.10726 1.55121 0.886973 1.6327 2.13921 6.26997 1 0.370681
86.6839 24.6268 0.516922 0.7516 0.623215 1.20645 5.90398 2 0.33546
82.4697 1.68677 0.417714 0.709216 0.797785 1.21948 3.11307 2 0.229881
84.0081 12.8921 0.986444 0.517873 1.89599 1.7122 3.51366 1 0.140336
92.4451 -0.577923 0.492267 0.427022 0.500523 1.07988 6.19584 2 0.135919
79.8428 -13.1104 0.896895 0.754973 1.77195 1.6575 6.04429 1 0.112795
82.9985 -1.87689 0.30158 0.465115 0.54093 0.874084 6.04527 2 0.110471
