94.4022 -2.73956 0.815916 0.917009 0.873686 1.63612 2.68334 2 0.820757
78.4572 0.00315662 3.50657 3.1447 2.5354 2.90874 6.32335 0 0.802246
81.9101 0.0696525 0.629632 1.08407 1.27688 1.46811 3.17069 2 0.4436
93.965 4.98619 0.865618 0.884844 0.824568 1.63667 6.49815 2 0.4436
83.1396 -2.11471 0.474656 0.793602 1.04905 1.27676 3.16639 2 0.433981
88.5599 6.30013 1.57462 1.33021 1.64029 2.08265 6.3928 1 0.36977
88.5938 -5.13732 1.57971 0.811948 1.67264 2.07017 6.2512 1 0.355775
90.167 3.92356 1.51865 1.82485 2.14968 1.18225 6.19597 1 0.220342
86.437 24.6397 0.492267 0.506977 0.425826 0.977494 6.47526 2 0.16398
82.167 1.35484 0.486201 0.609742 0.984832 1.24536 3.15076 2 0.127979
86.8181 7.48372 1.0302 0.437799 1.73927 1.74193 6.25157 1 0.105395
97.8822 -11.3709 0.530424 0.511453 0.54464 1.07988 5.94139 2 0.101589
