78.2971 0.136684 3.34678 3.15161 2.26275 2.73718 6.32506 0 0.840521
94.2581 -2.73181 0.783825 1.05046 0.847245 1.61521 2.41552 2 0.650911
81.752 0.0702391 0.585604 0.983807 1.13554 1.45784 3.29601 2 0.553988
93.827 5.01854 0.856616 0.793793 0.834287 1.54492 6.78465 2 0.446977
88.4426 -5.07318 1.51662 0.79469 1.66836 1.95564 6.42527 1 0.422028
88.3276 6.44125 1.54714 1.32195 1.53191 1.94089 6.21922 1 0.40028
82.831 -2.09627 0.471329 0.963131 1.01783 1.39372 2.91259 2 0.305283
90.4505 5.5006 1.0765 0.476621 1.75334 1.78193 6.05589 1 0.292191
89.8696 3.82773 1.33446 1.46541 1.76192 1.68032 6.05925 1 0.224395
90.3717 -2.4663 1.39298 0.92954 1.40438 1.54534 6.35814 1 0.211091
86.4351 24.6379 0.484635 0.502296 0.43211 0.968468 6.53386 2 0.194674
82.77 1.45746 0.451957 0.786553 0.993163 1.28835 3.16187 2 0.181553
92.2906 6.30347 1.32124 0.881361 2.09879 1.89825 3.34753 1 0.124213
