78.1451 -0.122921 3.40337 3.37212 2.12644 2.74053 6.21116 0 0.805326
82.7511 1.39234 0.42828 0.871445 0.872846 1.27008 6.26989 2 0.655336
81.4136 0.103527 0.739602 0.850116 1.08526 1.56191 3.07354 2 0.614625
87.7325 6.42499 1.56953 1.20821 1.46676 1.80712 6.36155 1 0.592195
93.9449 -2.75238 0.651939 1.02637 0.880968 1.46489 2.66918 2 0.576065
88.2518 -5.08434 1.43266 1.05537 1.50264 1.70761 6.41002 1 0.396068
90.4706 5.4391 1.08006 0.483182 1.72953 1.79591 6.04124 1 0.316581
93.6971 5.03184 0.842919 0.625575 0.761624 1.46105 3.97948 2 0.290578
82.7545 -1.17585 0.964057 0.911561 2.03698 1.76742 6.17235 1 0.218003
90.3945 -2.46227 1.40214 0.925916 1.37453 1.53331 6.33882 1 0.195287
84.198 -8.18551 0.507921 0.627947 0.527626 1.11443 6.35069 2 0.171616
80.5658 9.45981 0.49892 0.816153 0.895326 1.29323 3.29259 2 0.170784
87.0271 -4.63557 1.06378 0.957176 1.71461 1.80712 6.26964 1 0.141519
