77.6891 0.352976 3.4067 3.14393 1.97 2.71058 6.44774 0 0.743541
80.9648 0.216662 0.681682 0.999422 1.16432 1.52986 3.26244 2 0.73678
92.9967 4.98623 0.696553 0.969856 0.77674 1.52222 6.23283 2 0.726037
88.2094 -5.02179 1.45505 1.24277 1.37823 1.44041 6.33827 1 0.336767
87.1229 6.57796 1.49118 0.661722 1.54204 1.9717 6.3773 1 0.325092
84.1886 -8.17822 0.512813 0.646932 0.528657 1.12646 6.28924 2 0.266644
82.4808 1.22139 0.377404 0.915891 0.846082 1.21414 6.2528 2 0.249082
90.3914 -2.47745 1.41028 0.934546 1.3843 1.5476 6.34266 1 0.197135
82.7447 -1.11435 0.929967 0.650828 1.89021 1.71723 6.10545 1 0.178097
83.8788 -5.5506 1.0648 0.915129 1.89466 1.85258 6.36607 1 0.152032
93.4526 -2.69809 0.618674 0.71705 0.696605 1.22605 6.26544 2 0.14439
87.0617 -4.65677 1.10703 1.00018 1.72826 1.7935 6.28157 1 0.140572
81.3198 -6.98008 1.00273 0.738565 2.01939 1.797 6.27556 1 0.139396
81.567 11.0377 0.611629 0.658726 0.766754 1.3218 2.69457 2 0.125065
