77.4804 0.292629 3.52988 3.24928 2.0575 2.81787 6.35618 0 0.80837
80.9409 0.304428 0.606933 0.887657 0.978959 1.45998 3.33312 2 0.802246
92.9788 4.96898 0.728253 0.940017 0.805467 1.55129 6.38707 2 0.721351
87.2123 6.52107 1.53697 1.16534 1.44015 1.85416 6.23106 1 0.482917
89.7028 -2.59585 1.3365 1.70198 2.07371 1.72542 6.3307 1 0.351756
87.3418 -5.01575 1.06403 0.934183 0.972468 1.91081 2.75634 2 0.333286
84.1972 -8.17877 0.520444 0.64041 0.535411 1.12043 6.24379 2 0.206254
82.5 1.14884 0.23867 0.646064 0.589616 0.913798 6.31944 2 0.163713
80.7941 -6.34379 0.588344 0.994311 0.882865 1.45588 5.83641 2 0.153042
85.0965 8.85398 0.570342 0.630328 0.543312 1.15628 6.23796 2 0.148788
83.8259 -4.98844 0.492658 0.422872 0.398273 0.994829 5.71062 2 0.124959
82.4301 -1.38995 0.983391 0.576038 1.68309 1.79044 6.35277 1 0.124107
80.5343 9.06432 0.412822 0.754058 0.81228 1.1484 6.15416 2 0.113187
86.969 8.74779 0.593236 0.481522 0.437203 1.16024 6.12175 2 0.102305
