77.2182 0.184828 3.37008 3.27956 2.21872 2.84483 6.34617 0 0.837885
92.8554 4.94243 0.650765 0.808801 0.907381 1.45989 3.1663 2 0.787605
80.7557 0.38303 0.555079 0.884737 1.03937 1.43559 3.25463 2 0.71423
92.9687 -2.78435 0.688726 1.02038 0.867601 1.48324 6.20707 2 0.553988
86.7482 6.59777 1.14935 0.78862 0.880081 1.93569 3.49608 2 0.513668
82.4672 1.0889 0.286611 0.686808 0.595838 0.955317 6.30713 2 0.28897
89.5971 -2.82279 1.34566 1.70718 2.10984 1.78106 6.25456 1 0.23793
82.5642 16.1527 0.593627 0.820235 0.875808 1.30147 6.18199 2 0.206574
87.3184 -5.36234 1.08125 0.99991 1.06753 1.95421 3.16324 2 0.16238
85.0893 8.8375 0.557818 0.611382 0.535411 1.14002 6.30925 2 0.139631
87.6796 6.30306 1.21979 0.752931 0.787913 2.18407 3.33465 2 0.119717
90.2634 -5.09673 1.49626 1.52872 2.15572 1.39235 6.31971 1 0.109325
80.8356 13.3986 1.13908 1.07671 2.0236 1.83872 6.70067 1 0.101947
