80.4689 0.406273 0.628849 0.879138 1.00505 1.4925 3.10049 2 0.860369
82.7679 1.08582 0.427889 0.708869 0.567443 1.15093 6.36497 2 0.577019
76.9844 0.0678087 3.29851 3.18099 1.62206 2.82959 6.26878 0 0.540439
92.7979 -2.83249 0.665245 1.03014 0.992133 1.46123 2.71654 2 0.509764
92.6954 4.87178 0.79987 0.648513 0.735762 1.5314 3.34753 2 0.33939
82.5405 16.184 0.599106 0.841418 0.922064 1.32132 6.14854 2 0.301568
89.6061 -2.79243 1.34159 1.71042 2.09662 1.7765 6.27116 1 0.265499
86.454 6.59764 1.48405 0.909783 1.6317 2.18927 6.37449 1 0.230227
86.0373 -14.598 0.500289 0.663487 0.615353 1.13752 6.13756 2 0.175821
87.3205 -5.2047 1.36143 1.18022 1.67284 2.09515 6.21629 1 0.159741
80.7693 13.8843 0.898676 0.73246 1.89819 1.72521 6.34474 1 0.143188
83.1394 -3.39534 0.513595 0.726655 0.809953 1.26992 6.7595 2 0.132964
87.6913 6.24312 1.18927 0.740444 0.74589 2.1288 3.4616 2 0.118385
91.8323 4.65847 0.816698 0.525631 0.572872 1.41049 6.60905 2 0.111628
90.241 -5.06064 1.47846 1.63628 2.14169 1.40053 6.33223 1 0.106877
