80.2714 0.388236 0.775606 1.00162 1.1091 1.58619 3.01354 2 0.839997
76.7807 0.444376 3.41669 3.44872 2.07769 2.86854 6.49412 0 0.754553
92.0828 4.68998 0.856616 0.927252 0.813123 1.71482 6.86424 2 0.691393
87.0648 -5.1934 1.45556 1.28253 1.74373 1.9591 6.25941 1 0.54819
86.4111 6.44156 1.5329 1.0219 1.77314 2.11042 6.23652 1 0.489748
82.7379 1.07108 0.415366 0.704427 0.565369 1.12977 6.23549 2 0.462959
83.1872 -3.09744 0.616717 0.9197 0.906433 1.40122 6.40257 2 0.404037
92.7085 -2.76947 0.856616 1.01777 1.19077 1.74598 2.64715 2 0.359814
80.6153 17.2416 0.570929 0.654957 0.637527 1.15346 6.78953 2 0.136839
90.0673 -5.2394 1.53799 1.72173 2.0777 1.58895 6.23796 1 0.128854
