79.9303 0.38765 0.700858 0.988623 1.13943 1.52743 3.06414 2 0.86293
91.8813 4.63195 1.08908 0.996742 0.96661 1.96617 3.36193 2 0.758868
76.5002 0.636262 3.30017 3.41937 2.02857 2.76067 6.44603 0 0.757436
92.2361 -2.6633 1.02646 0.764508 0.838832 1.88486 3.00683 2 0.7413
86.759 -5.15653 1.25764 1.34277 1.7188 1.77976 6.18211 1 0.732974
85.7225 6.32997 1.19553 1.1478 1.04675 2.14549 3.63842 2 0.549157
87.0108 5.94238 0.743124 0.623517 0.977825 1.47593 3.46947 2 0.280222
80.4909 10.4997 0.964057 0.463312 1.81364 1.77282 6.51976 1 0.231614
83.4845 3.99064 0.512617 0.564746 0.56138 1.13863 6.36943 2 0.151278
87.25 7.19165 0.923146 0.87267 0.962019 1.72469 2.42431 2 0.146331
95.1125 17.9408 1.06785 0.7134 1.88387 1.81641 2.99169 1 0.139396
89.1152 -1.9211 0.525923 0.548307 0.651531 1.16421 5.73289 2 0.127653
83.4535 6.87186 0.53649 0.577856 0.787817 1.16819 6.83885 2 0.106691
