79.6086 0.411992 0.642938 0.92161 1.00512 1.48107 3.08996 2 0.902093
76.3617 0.439828 3.55651 3.57823 2.43857 2.99083 6.38914 0 0.813164
92.0851 -2.8054 0.750951 0.962661 0.913493 1.5953 2.34325 2 0.755276
85.802 6.18615 1.56648 1.29987 1.73249 2.15073 6.32222 1 0.603465
91.7936 4.64903 1.14074 0.765279 0.999853 1.94256 3.22301 2 0.513668
82.7653 -0.830917 0.345901 1.01826 0.961138 1.27707 6.48839 2 0.371593
80.5846 -6.22802 0.513008 0.832377 0.852926 1.32633 5.92112 2 0.322099
82.5998 1.66272 0.953626 0.629573 1.90777 1.6906 6.2408 1 0.31785
86.685 -5.32364 1.31666 1.22425 1.46354 1.7778 6.21678 1 0.315736
83.8092 -4.35428 0.567406 0.429112 0.448885 1.13281 6.17058 2 0.236164
95.2987 17.9727 1.07192 0.718644 1.89691 1.82352 6.21995 1 0.179243
90.0443 -3.42533 0.585017 0.493062 0.436777 1.13863 6.0446 2 0.158695
89.806 1.99618 0.576995 0.556534 0.488451 1.18312 6.79558 2 0.157396
80.4953 11.5259 1.0129 1.05898 1.85858 1.78912 6.46666 1 0.118181
83.3338 6.8426 1.00883 0.687747 1.93885 1.8025 6.4254 1 0.115561
83.4997 3.99192 0.51066 0.55735 0.539874 1.13474 6.36351 2 0.104112
84.4838 16.2204 0.46722 0.784383 0.74262 1.1109 6.22896 2 0.104112
