76.126 0.356292 3.19863 3.84075 2.41517 3.04331 6.35795 0 0.832509
85.686 6.187 1.57157 1.14559 1.68411 2.11946 6.31434 1 0.811377
79.457 0.393809 0.619065 0.87523 1.02713 1.49241 3.09569 2 0.805938
91.8295 -2.902 0.921972 1.03518 0.816505 1.80393 1.99804 2 0.742048
86.3602 -5.27952 1.44742 1.40515 1.56269 2.10219 6.31044 1 0.682997
82.6136 1.70396 0.95846 0.624979 1.90788 1.70615 6.26021 1 0.339828
82.9968 -1.11338 0.868911 0.741456 1.89651 1.66439 6.31593 1 0.257578
80.8263 -6.38206 0.396189 0.731104 0.653602 1.10927 5.80028 2 0.236164
89.9275 -3.39996 0.592453 0.490061 0.473885 1.20469 6.26628 2 0.188026
95.2982 17.9729 1.06683 0.718293 1.89801 1.82441 6.21922 1 0.179243
83.7833 6.92608 0.865858 1.39771 1.74693 1.48795 6.40886 1 0.150528
83.9473 -4.95464 1.2785 1.55759 2.19516 1.66175 3.17254 1 0.142948
89.7966 2.00777 0.583452 0.537964 0.468136 1.17707 6.77409 2 0.114765
86.6834 5.24375 0.765822 0.528978 0.678478 1.33706 6.46116 2 0.112016
