85.5122 6.34876 1.56343 1.19589 1.96719 2.00287 6.41392 1 0.885037
86.1599 -5.05417 1.65704 1.58574 1.98447 2.16403 6.29045 1 0.870817
79.2167 0.409719 0.719643 0.768227 0.907568 1.51554 2.99425 2 0.857052
75.8926 0.334458 3.64306 3.87135 2.43797 3.21438 6.33934 0 0.835215
91.7419 -2.97033 1.10552 1.06336 0.881049 2.11946 1.99023 2 0.758153
92.1185 -4.33293 0.607324 0.870435 0.841293 1.36126 6.13756 2 0.452778
82.4766 1.48257 0.475047 0.884305 1.11181 1.38034 3.03795 2 0.306942
83.0853 -1.17414 0.944722 0.882653 1.92185 1.70095 6.31144 1 0.26588
89.9289 -3.41085 0.602237 0.503646 0.486784 1.21503 6.19792 2 0.224735
84.1398 -3.13736 0.558405 0.767828 0.943988 1.31906 2.63427 2 0.207536
89.8826 2.1962 0.553709 0.724043 0.852249 1.19911 6.90233 2 0.181553
83.9563 -5.02954 1.25407 1.52193 1.96185 1.7644 6.17644 1 0.143427
84.4363 7.09739 0.686769 0.729232 0.885929 1.48605 2.79662 2 0.138928
35.8904 1.76553 0.670332 0.681713 0.715479 1.48197 6.21941 2 0.137764
80.7849 -6.59411 0.887991 0.927726 1.86688 1.73006 6.28618 1 0.118385
