85.3629 6.44776 1.67129 1.59292 1.95799 2.19155 6.41111 1 0.915356
79.0275 0.471346 0.734514 0.932132 1.08606 1.535 2.76727 2 0.803174
85.7024 -5.10463 1.54307 1.28708 1.96336 2.05372 6.25406 1 0.690559
91.3915 -2.85595 0.943105 0.907987 0.998572 1.79033 2.67742 2 0.548674
74.7634 0.168003 1.61431 1.28582 1.39823 1.94148 6.23106 1 0.543348
83.2233 -1.17112 0.868911 0.668543 1.93079 1.61516 6.23967 1 0.352202
87.28 -9.87023 0.490701 0.658002 0.645672 1.1662 6.47215 2 0.228501
91.0998 4.56581 0.922755 0.449047 0.458409 1.57765 6.46257 2 0.227813
92.127 -4.4672 0.63198 0.489942 0.629023 1.17191 6.03746 2 0.180974
82.5708 1.68229 0.440021 0.746434 0.973537 1.24354 2.92541 2 0.178669
84.1508 -3.13413 0.588931 0.801384 0.939934 1.34311 5.92991 2 0.17245
89.2729 6.2833 0.539816 0.578986 0.501501 1.13198 6.31804 2 0.103024
