85.2551 6.38114 1.60718 1.6305 2.02078 2.27315 6.39561 1 0.922622
78.821 0.420718 0.700075 0.925895 1.13582 1.54775 2.98876 2 0.768038
85.7969 -5.11518 1.49219 1.47943 2.00481 2.03404 6.29878 1 0.755276
91.1789 -2.83498 0.872662 0.85235 1.14907 1.69805 2.72973 2 0.74055
91.0235 4.63136 1.01864 0.669017 0.721795 1.87385 6.7448 2 0.5564
75.1108 0.235679 3.15535 3.07785 1.6016 2.75528 6.21837 0 0.465387
82.3249 18.6588 1.06022 0.541138 1.91021 1.8111 6.67894 1 0.294621
86.9679 -2.3298 0.804175 0.589829 0.721883 1.42025 6.44688 2 0.282988
89.6018 -2.16907 0.595584 0.546703 0.492282 1.16848 6.23503 2 0.203391
84.0828 -3.70101 0.408908 0.607959 0.661952 0.98132 5.68113 2 0.183887
92.0972 -4.43669 0.62337 0.530919 0.714955 1.21236 5.85862 2 0.151529
87.661 -6.30868 1.15231 1.3408 2.02932 1.73662 6.028 1 0.117572
83.7063 17.103 0.432781 0.409462 0.423545 0.90095 6.4785 2 0.101947
