85.2555 6.37308 1.60209 1.74458 2.03988 2.17662 6.38365 1 0.91626
78.6484 0.414815 0.693031 1.06129 1.17316 1.53674 2.79852 2 0.764892
91.087 -2.86152 1.07577 1.1411 0.908261 2.04675 2.0537 2 0.685529
74.989 0.309103 3.06381 3.11642 1.78846 2.85248 6.39207 0 0.59408
90.8238 4.70058 0.914145 0.592716 0.676658 1.64709 6.59007 2 0.339828
82.3232 18.5955 1.06785 0.578858 1.90946 1.8142 3.5393 1 0.298287
85.0223 -5.0032 1.26934 0.771746 1.72932 1.83513 6.19981 1 0.2763
89.5658 -2.15386 0.577973 0.547906 0.491081 1.13253 6.31023 2 0.261331
86.9845 -2.31645 0.857008 0.5962 0.720387 1.49533 6.59446 2 0.249813
83.7477 16.7893 0.60615 0.676656 0.875287 1.22515 6.52977 2 0.242923
82.8882 -0.764201 0.855682 1.03799 1.75591 1.66338 6.37913 1 0.185652
101.439 23.316 0.628458 0.545636 0.64096 1.24111 6.67308 2 0.160529
83.4707 -5.09483 0.485418 0.579835 0.648041 1.07017 6.0554 2 0.141756
89.4079 -5.68525 0.659374 0.486723 0.45329 1.21651 6.39226 2 0.112795
91.2038 -3.93532 0.581104 0.535998 0.637527 1.15346 5.94114 2 0.111048
