84.7817 6.34504 1.51458 1.21531 1.90405 2.13725 6.40306 1 0.860838
90.8299 -2.91901 1.07499 1.10815 0.887546 2.07796 2.36181 2 0.673621
78.5367 0.416428 0.704771 0.999056 1.12795 1.55366 2.9909 2 0.657538
74.6739 0.474205 3.19031 3.04497 1.88116 2.8289 6.44066 0 0.63477
85.1401 -5.00103 1.21083 0.999201 1.8467 1.74939 6.25396 1 0.360264
86.3963 -1.40635 1.44386 1.81485 2.07086 1.4334 6.30735 1 0.260954
83.7488 16.7875 0.613586 0.6803 0.867442 1.22426 6.40977 2 0.218336
89.5489 -2.1381 0.573864 0.579552 0.521224 1.12043 6.18327 2 0.217005
82.3196 18.5664 1.0246 0.674115 1.83849 1.7685 6.75584 1 0.205615
91.1834 -4.05568 0.60615 0.526016 0.623976 1.1608 2.73266 2 0.173568
101.439 23.316 0.628458 0.545636 0.64096 1.24111 6.67308 2 0.160529
90.2588 4.56421 1.11873 1.46648 1.82307 1.6332 6.27214 1 0.135004
82.9337 -0.798591 0.923352 1.1808 1.84794 1.65912 6.44188 1 0.103749
