90.7229 -3.00531 1.02959 0.952957 0.850249 1.97556 3.05315 2 0.837354
74.3744 0.451158 3.04882 3.01611 1.82418 2.76742 6.42613 0 0.671901
78.0877 0.402314 0.848789 0.91455 1.11603 1.65044 2.85613 2 0.626124
84.6722 6.5455 1.42045 1.3226 1.60954 2.13478 6.37205 1 0.588416
84.8708 -5.019 1.25713 1.03394 1.83547 1.67663 6.27429 1 0.303629
90.1651 4.55481 0.700075 0.742571 0.883823 1.39746 3.15711 2 0.225417
94.5644 -0.877696 0.568189 0.502909 0.451082 1.16877 6.00651 2 0.203391
101.44 23.3166 0.633545 0.545237 0.638773 1.24293 6.63548 2 0.152032
88.5346 0.514782 1.22049 0.657857 2.18326 1.98008 6.37217 1 0.131619
85.9622 -6.98282 0.423193 0.703181 0.704301 1.14281 5.98069 2 0.129403
85.9413 2.55318 1.30445 1.13169 1.57476 1.69743 6.10472 1 0.107437
83.8891 9.40369 0.553905 0.543376 0.572453 1.1128 6.30111 2 0.103749
