90.4497 -2.99002 1.00768 0.934753 0.806204 1.94374 6.78953 2 0.838415
78.0113 0.419581 0.826091 0.850999 1.01393 1.61057 2.93816 2 0.758511
74.292 0.275639 3.44665 3.18799 2.14888 2.88258 6.23622 0 0.727589
84.4884 6.58408 1.48812 1.39132 1.74821 2.0401 6.40953 1 0.651798
90.1974 4.58319 0.748603 0.808122 0.716353 1.48741 6.55858 2 0.537527
84.3942 -4.43464 0.91845 0.794619 1.10829 1.68834 2.81933 2 0.363421
93.7789 -12.7557 0.588539 0.577856 0.749084 1.20381 5.96629 2 0.280222
94.5639 -0.877329 0.563884 0.501438 0.451743 1.16734 6.00944 2 0.201185
84.0128 9.16155 0.621413 0.80044 0.889674 1.34278 6.32579 2 0.195902
84.3385 -5.59294 0.807306 0.834743 1.23037 1.63907 3.10021 2 0.191328
88.5513 0.561565 1.19709 0.630496 2.19905 1.94077 6.35508 1 0.181263
85.3097 -5.31392 1.25865 0.860524 1.77954 1.73006 6.21837 1 0.165863
86.9355 -5.08139 0.973215 0.68607 1.75698 1.68566 6.22563 1 0.158956
85.9512 2.73072 1.50135 0.948337 1.58401 1.72121 6.04808 1 0.141519
83.4022 17.9863 0.539229 0.745523 0.658889 1.24749 6.60985 2 0.137996
35.925 1.74029 0.639807 0.610636 0.634886 1.33951 6.28679 2 0.118385
86.0389 -1.10482 1.50237 1.54118 2.05902 1.54609 6.32576 1 0.116563
