84.1969 6.56197 1.45658 1.21531 1.85065 2.13869 6.30958 1 0.786295
90.4065 -2.99112 1.05777 0.901031 0.810299 2.01747 3.1942 2 0.780997
90.1125 4.56918 0.855442 0.834666 0.748079 1.71461 6.89793 2 0.754553
77.7895 0.465261 0.84331 0.899602 1.09418 1.61361 2.62078 2 0.75274
73.486 0.279228 1.56139 1.22589 1.44331 1.94801 6.32051 1 0.655336
87.2651 -4.97438 0.431607 0.829359 0.790514 1.18024 6.03538 2 0.488283
84.4046 -4.89759 1.34922 0.970352 1.86619 1.66358 6.26399 1 0.302391
93.783 -12.7566 0.583452 0.569732 0.747075 1.19502 6.0305 2 0.20947
85.6773 -0.388459 2.79082 4.69403 2.35433 2.62783 5.80321 0 0.204342
94.5636 -0.877476 0.562515 0.502418 0.449762 1.16677 5.97624 2 0.192539
83.9995 9.15498 0.611238 0.790282 0.891924 1.34081 6.38756 2 0.147555
85.2303 -5.49038 1.22202 0.773632 1.83166 1.82085 6.16636 1 0.137301
94.9595 -7.65662 0.5496 0.524861 0.668938 1.14225 6.55955 2 0.109135
