77.6625 0.482271 0.826874 0.648038 0.880578 1.56764 2.81151 2 0.946498
84.1222 6.69624 1.49932 1.42449 1.98287 2.11332 6.35313 1 0.934515
90.2358 -2.94687 1.03429 0.922623 0.795209 1.91431 2.91662 2 0.722918
73.8496 0.355642 3.21028 2.9868 1.73005 2.82614 6.32371 0 0.543348
89.7894 4.6928 1.04368 0.63628 0.677485 1.86313 3.49975 2 0.520496
87.2784 -4.97919 0.43552 0.837396 0.792544 1.19327 6.19365 2 0.441673
82.5253 -0.516736 0.350303 0.66519 0.646776 1.11443 6.14 2 0.32595
83.8978 -4.34264 1.26578 0.701654 1.90079 1.81863 6.42125 1 0.278257
80.2562 11.0653 0.968127 0.728892 1.93376 1.66257 6.37376 1 0.270095
84.6525 -5.31954 1.27341 0.75203 1.84434 1.75774 6.15819 1 0.254231
89.0055 2.1431 1.06073 0.91647 2.11429 1.75774 6.20189 1 0.245085
86.061 1.42915 0.451957 0.924089 0.812676 1.3002 6.53538 2 0.203708
93.7849 -12.7564 0.583843 0.567233 0.745071 1.19211 6.06444 2 0.189221
92.8132 -1.82164 0.557231 0.52307 0.487022 1.1353 6.09343 2 0.163179
89.7037 -4.42225 0.699292 0.535213 0.574272 1.23657 6.30339 2 0.153549
83.4 3.68331 0.434346 0.671636 0.886125 1.20645 6.36894 2 0.111241
