83.8222 6.51271 1.50033 1.23009 2.00228 2.03481 6.26916 1 0.825871
77.4164 0.456645 0.763474 0.919363 1.12108 1.57327 2.66668 2 0.808067
82.6005 -0.422151 0.413213 0.779658 0.739544 1.22665 6.12083 2 0.590307
89.9282 -2.97143 0.934104 0.984408 0.866939 1.77879 2.38232 2 0.575111
73.1179 0.321765 1.60006 1.29275 1.53828 2.03553 6.39128 1 0.531209
89.765 4.68573 1.10943 0.655197 0.700956 1.97339 3.60277 2 0.515132
83.9939 -4.90821 1.25611 0.880071 1.98848 1.81021 6.28285 1 0.367043
86.0618 1.41724 0.438847 0.921048 0.831796 1.28835 6.59715 2 0.300335
88.9746 2.13102 1.03529 0.897867 2.09886 1.71765 6.20677 1 0.279042
80.5608 -4.37862 0.473873 0.538096 0.585456 1.05229 6.22398 2 0.236516
87.5235 -4.89202 0.509095 0.439717 0.51742 0.978927 6.20927 2 0.223377
83.4442 -1.82417 0.431216 0.477309 0.501991 1.00729 5.92918 2 0.209793
80.4632 10.7103 0.885701 0.675433 1.81298 1.65003 6.43101 1 0.196826
84.901 -5.39324 1.37415 0.54966 1.89252 1.94302 6.197 1 0.171616
92.8123 -1.8223 0.557818 0.520904 0.48394 1.13946 6.07585 2 0.150528
89.6062 -4.35842 0.674637 0.5742 0.55742 1.22306 6.43132 2 0.150278
