77.3678 0.423394 0.797913 0.910317 1.12478 1.59676 2.92577 2 0.889721
73.0113 0.307823 1.60006 1.31535 1.54656 2.07433 6.34441 1 0.759939
83.7963 6.28759 1.452 1.39626 2.04455 2.04627 6.29948 1 0.730674
84.0595 -4.92834 1.25713 1.40755 1.99217 1.71471 6.22038 1 0.629319
89.5559 -2.96044 0.797131 0.807519 1.17546 1.59099 2.78271 2 0.566498
89.7246 4.67468 1.01237 0.598387 0.627336 1.77965 6.79686 2 0.441673
102.041 2.61747 1.05411 0.606638 2.06878 1.76375 5.95994 1 0.286568
80.5585 -4.38222 0.463502 0.519761 0.582889 1.04563 6.28479 2 0.199308
86.2934 1.72248 0.442956 0.744796 0.905998 1.26142 3.19402 2 0.169406
92.8071 -1.82508 0.574842 0.530919 0.486546 1.15065 5.99577 2 0.156878
88.5428 1.92561 1.04343 0.50736 1.85903 1.81154 6.34605 1 0.12075
