77.072 0.428966 0.797131 0.947621 1.11114 1.60587 2.8659 2 0.867934
83.9565 -4.99213 1.34515 1.51488 2.00397 1.75152 6.24263 1 0.863161
89.526 -2.92979 0.813176 0.95692 0.987782 1.64463 6.45897 2 0.842086
83.7046 6.31643 1.48303 1.48513 2.08411 1.97422 6.41765 1 0.771843
72.7113 0.324631 1.63975 1.24034 1.46783 2.02586 6.33952 1 0.500977
89.2201 4.77536 0.809654 1.07458 0.994254 1.67745 3.30248 2 0.434461
83.3335 -1.94493 0.463894 0.710299 0.814812 1.27241 2.86278 2 0.186539
87.0913 5.99102 0.988479 1.38201 1.84761 1.69453 6.02995 1 0.186243
87.5369 4.59202 0.551361 0.555041 0.484177 1.08675 6.49773 2 0.149283
86.3516 -2.67837 0.971674 0.631406 0.745617 1.79022 6.76823 2 0.143427
84.4378 -6.54986 0.511052 0.451245 0.481348 1.00926 6.2447 2 0.139631
