83.8027 -5.09596 1.53595 1.69307 2.07093 1.99677 6.283 1 0.916857
76.9695 0.490529 0.842528 0.827438 0.982851 1.64747 3.05926 2 0.887984
89.4842 -2.99259 0.865618 0.956453 0.896139 1.73281 6.75657 2 0.789558
83.2681 6.3181 1.38229 1.21709 1.84715 1.88095 6.2975 1 0.657098
73.3093 0.379603 3.27187 3.14546 1.84028 2.85806 6.24974 0 0.502441
88.9825 5.00299 1.06785 0.635131 1.79558 1.77087 6.38853 1 0.31363
83.0475 -1.46632 0.346488 0.818073 0.810497 1.15233 6.14158 2 0.262086
80.5316 8.56572 0.859243 0.643874 1.78923 1.64219 6.18864 1 0.179243
86.9009 5.9544 0.57132 0.745387 0.676823 1.19065 6.11003 2 0.163445
84.4146 2.03514 3.2236 3.71986 1.94372 2.64521 6.3347 0 0.147065
86.3131 1.9923 0.469372 0.385971 0.429585 0.904034 6.26867 2 0.132964
88.9935 16.8919 0.952863 0.647341 1.88048 1.74278 6.24455 1 0.115961
86.4426 -2.70165 0.705554 0.480348 0.566336 1.23055 6.48112 2 0.10725
