76.7408 0.487899 0.872271 0.781564 0.958912 1.65912 3.42254 2 0.914291
83.6726 -5.14181 1.55935 1.70364 2.06172 2.04013 6.28523 1 0.905155
89.1804 -2.97866 0.740776 0.946118 0.880256 1.5617 6.04417 2 0.688049
83.1936 6.37 1.34769 1.21828 1.90108 1.71011 6.35508 1 0.557845
88.9633 4.75667 0.689117 0.850324 1.0609 1.46954 3.38598 2 0.540439
72.5109 0.374202 1.65501 1.35942 1.57418 2.11584 6.3405 1 0.506347
80.9679 -8.74376 0.413018 0.839981 0.762461 1.19153 6.29309 2 0.211743
93.9338 -15.2984 1.0994 0.783899 1.86676 1.86108 6.44871 1 0.20947
86.4187 -2.79344 0.708294 0.652722 0.895875 1.38388 3.02532 2 0.173009
84.0756 -13.2713 1.20116 0.606046 1.85722 1.90312 6.33992 1 0.165054
86.8981 5.95814 0.575625 0.750591 0.673856 1.19298 6.14714 2 0.141756
90.884 -4.69009 0.550578 0.495475 0.491321 1.07331 6.06511 2 0.135232
