83.524 -5.13127 1.36601 1.40018 2.10335 1.82664 6.27197 1 0.908456
76.6302 0.461814 0.891838 0.856574 1.07892 1.69676 3.33172 2 0.895157
88.9123 -2.86959 0.807306 0.957037 1.0687 1.61908 2.68212 2 0.71423
83.0157 6.38487 1.22914 1.33085 1.84614 1.76311 6.1334 1 0.628407
88.6837 4.73606 0.864443 0.730345 0.675833 1.57558 6.94236 2 0.575111
72.3388 0.158669 1.58479 1.4103 1.56594 1.96611 6.18443 1 0.532668
82.7828 -1.38501 0.468394 0.923976 0.935956 1.30848 6.12278 2 0.480966
100.771 27.3891 0.684421 0.579976 0.533324 1.34656 6.38444 2 0.219337
93.9389 -15.2417 1.09227 1.0264 1.89958 1.89269 6.42613 1 0.176956
90.8806 -4.70509 0.539816 0.508217 0.563991 1.08384 5.96556 2 0.14682
88.3225 -0.83 0.436303 0.687563 0.876062 1.21118 3.1301 2 0.12603
86.3197 6.82618 0.547839 0.521922 0.461103 1.1001 6.40886 2 0.114963
85.7191 1.03596 0.47309 0.428693 0.502973 0.960462 6.22813 2 0.112795
84.0841 -3.06981 0.544317 0.536653 0.584028 1.02041 5.86839 2 0.109706
