83.3981 -5.15513 1.42758 1.61998 2.01199 2.0464 6.33491 1 0.917746
76.3914 0.491913 0.89223 0.834743 1.06505 1.69107 3.14324 2 0.88642
88.8305 -2.92209 0.866792 0.993947 1.04267 1.74534 2.70873 2 0.751648
82.6824 6.39958 1.22456 1.24489 1.88112 1.69288 6.31862 1 0.603465
88.2562 4.63869 0.919233 1.0644 1.01541 1.75978 2.94891 2 0.569853
72.0876 0.329743 1.68147 1.46505 1.70688 2.11519 6.36198 1 0.564098
82.7846 -1.35535 0.468003 0.92454 0.937385 1.32487 6.20732 2 0.494141
85.4228 0.473731 1.11364 0.408074 2.05832 1.77174 6.31318 1 0.248717
84.9142 -2.16288 1.21901 0.909873 0.958561 2.19209 3.21648 2 0.228501
100.771 27.3891 0.685204 0.580118 0.533064 1.34721 6.38151 2 0.218669
84.0712 -3.08316 0.574646 0.54073 0.592068 1.05951 5.69334 2 0.150778
90.8804 -4.70578 0.545295 0.51358 0.566751 1.09421 6.09874 2 0.150029
86.2912 6.83618 0.535315 0.540466 0.548376 1.10792 6.44005 2 0.131842
80.462 7.80416 1.02053 0.683061 1.87928 1.83996 6.36021 1 0.116362
87.6278 12.4788 1.0648 0.632654 1.97069 1.8837 6.22807 1 0.107813
93.9457 -15.2496 1.12179 1.09046 1.9232 1.95134 6.40464 1 0.106691
83.7411 3.09051 1.23881 1.58638 1.78639 1.54044 6.40105 1 0.102484
