82.6458 6.32216 1.41994 1.47537 1.99019 1.77174 6.29933 1 0.900004
76.2533 0.439011 0.84018 0.807506 1.1425 1.64293 2.94836 2 0.816113
83.0315 -5.0704 1.29274 1.34031 1.90882 1.88336 6.32826 1 0.808974
88.2094 4.59892 1.02646 1.02939 1.02438 1.88233 2.69848 2 0.641085
72.2233 0.211611 3.23692 3.09141 2.59917 2.99156 6.30256 0 0.627495
88.661 -2.89877 0.839006 0.86082 1.14319 1.64956 3.15848 2 0.608129
82.7922 -1.3338 0.473677 0.889393 0.922599 1.32649 6.11851 2 0.35488
83.5549 3.08346 1.22253 1.54372 1.78836 1.63001 6.42698 1 0.23546
100.771 27.3891 0.685204 0.580118 0.533064 1.34721 6.38151 2 0.218669
85.4269 0.497665 1.12077 0.422675 1.95122 1.76914 6.27855 1 0.170784
96.9778 11.9638 0.524945 0.571403 0.733162 1.13558 6.26721 2 0.144149
83.8369 -9.25195 0.563493 0.659208 0.828452 1.20029 5.98143 2 0.131396
81.0986 7.66128 0.951082 1.48314 1.92402 1.62703 6.22429 1 0.127435
79.7301 14.7369 1.23983 1.65628 2.19542 1.84029 6.28776 1 0.111241
88.2444 -10.3196 1.0419 0.741094 1.82385 1.79175 5.96678 1 0.110856
84.9155 -2.08012 1.28319 0.767899 0.764698 2.24956 3.17352 2 0.109325
83.1321 -3.38048 0.447457 0.499605 0.592068 0.96705 5.8679 2 0.100348
