82.4834 6.3538 1.46624 1.34392 2.00859 1.95122 6.37816 1 0.921216
75.9331 0.44583 0.813568 0.741032 1.09685 1.61815 3.11831 2 0.86771
88.1347 4.60233 0.981067 1.01071 0.846986 1.88325 6.54027 2 0.862236
88.2972 -2.93419 1.03429 1.17531 0.899757 2.00129 2.02636 2 0.780328
71.8979 0.332609 1.48354 1.7075 1.83625 1.97507 6.16502 1 0.59972
82.6288 -5.10386 1.31717 1.22305 1.91109 1.76914 6.16783 1 0.589362
83.7675 -5.79058 0.970109 0.978776 0.985193 1.88256 3.58227 2 0.372962
83.524 -1.35552 1.05564 1.44243 1.73969 1.79547 6.24675 1 0.294621
85.8134 -0.762962 1.02002 0.882653 1.91261 1.66887 6.28123 1 0.246171
85.9944 5.23784 0.537664 0.481287 0.539084 1.05821 6.69017 2 0.222025
83.1252 -3.38867 0.439238 0.503278 0.595547 0.956717 5.83714 2 0.204342
83.8508 -9.24601 0.579538 0.677234 0.854072 1.19561 6.12681 2 0.178669
84.5881 -2.32664 1.18927 0.828828 1.06323 1.98814 3.16071 2 0.173849
86.2889 3.53066 0.455479 0.778588 0.72586 1.16905 6.35258 2 0.146331
80.8398 -8.14384 0.399125 0.494267 0.508405 0.986846 5.92308 2 0.134094
96.9773 11.9647 0.537859 0.571403 0.729769 1.13807 6.23509 2 0.126785
82.5432 1.68611 0.434738 1.03417 0.972468 1.35712 6.27675 2 0.109706
35.875 1.75144 0.728253 0.648355 0.696265 1.53383 6.24577 2 0.102305
