75.8035 0.512076 0.825308 0.794817 0.956019 1.62584 3.26531 2 0.901575
88.2619 -2.8514 1.04212 1.06258 0.846237 1.97556 1.91894 2 0.834137
88.0221 4.55672 0.824134 0.959962 0.851314 1.68618 3.12966 2 0.830869
71.8218 0.247389 2.91733 3.03236 2.38878 2.83443 6.27614 0 0.638385
83.7561 -5.67484 1.07499 0.836757 0.930232 1.95421 2.82982 2 0.584627
82.0932 6.5323 1.46523 1.13723 1.88175 1.96779 6.38914 1 0.474631
82.1154 -5.62452 0.879706 0.846673 1.11358 1.70762 2.6726 2 0.373419
83.7697 2.86254 1.23118 1.52118 1.75612 1.44534 6.11387 1 0.284576
80.9121 -8.1074 0.428672 0.570428 0.513645 1.0147 6.2487 2 0.258326
85.0292 14.9406 0.578756 0.861819 0.660016 1.30576 6.5471 2 0.234757
83.1499 -3.38954 0.418888 0.444032 0.524543 0.916032 5.82811 2 0.213705
80.9003 -9.83533 0.479548 0.781123 0.850716 1.25176 5.98387 2 0.207857
85.9942 5.2627 0.53649 0.477775 0.534628 1.05718 6.7158 2 0.20466
86.1049 -1.52108 1.0475 0.879212 1.98842 1.67622 6.30537 1 0.152537
84.4872 -2.06437 1.38331 0.883084 1.41609 1.40739 6.60594 1 0.143427
83.289 -1.4832 0.911904 1.18832 1.89246 1.61319 6.31904 1 0.135461
96.9771 11.9648 0.540012 0.571543 0.729502 1.13891 6.22862 2 0.124745
86.2666 3.51585 0.4817 0.804174 0.759025 1.18949 6.27829 2 0.115961
102.278 -15.6474 0.588931 0.427648 0.452847 1.07724 6.10936 2 0.103024
