75.5204 0.507219 0.764257 0.821049 0.991043 1.55338 2.91082 2 0.890675
81.9888 6.28428 1.46777 1.35528 1.9657 1.94326 6.27595 1 0.781664
87.8857 4.50261 0.925886 1.11657 0.83271 1.86996 2.72753 2 0.751648
71.7511 0.275654 3.19697 3.09745 2.42255 2.89881 6.34114 0 0.719778
88.145 -2.82274 1.0022 0.923863 0.820251 1.88463 2.25829 2 0.61555
85.0829 14.9826 0.599497 0.975556 0.777214 1.4232 6.4066 2 0.607197
83.7387 -5.68335 1.0883 0.867359 0.992072 1.99081 2.77294 2 0.504883
81.8261 -5.81221 1.0609 0.975556 0.992981 1.95923 2.81078 2 0.449393
80.5884 -8.25155 0.509486 0.952492 0.95745 1.33526 5.86473 2 0.338952
80.5486 8.74134 0.498333 0.802982 0.918357 1.27801 2.85839 2 0.27474
82.128 -4.77016 0.893012 0.82941 1.08011 1.7511 2.91674 2 0.272025
85.6883 3.65864 0.576212 0.511328 0.46745 1.14896 6.43132 2 0.212069
84.4648 -1.48001 2.57443 4.59446 1.61337 2.98281 5.92235 0 0.150528
102.162 -15.5966 0.538251 0.414693 0.491081 1.05049 6.2635 2 0.109706
88.8622 -4.40425 0.571907 0.474057 0.562203 1.0608 6.3983 2 0.109706
