75.4079 0.547087 0.700075 0.85506 0.996989 1.51028 2.82372 2 0.894605
87.8798 -3.04793 0.902405 0.981049 0.762275 1.78031 2.7036 2 0.859428
71.6591 0.356875 3.46662 3.25563 2.5714 3.04443 6.36107 0 0.829216
81.8785 6.31035 1.41791 1.37226 2.01305 1.98141 6.35252 1 0.754553
85.08 14.9809 0.607324 0.976151 0.777689 1.43393 6.42015 2 0.71103
87.6262 4.51229 1.05464 1.25662 0.948377 1.99057 2.72753 2 0.649134
81.9257 -5.00351 1.23118 1.04358 1.9232 1.82085 6.25078 1 0.392337
85.7511 -2.40535 0.689117 0.476377 0.499302 1.15233 6.20769 2 0.215681
88.1707 -0.749493 0.374861 0.39667 0.551464 0.880939 6.17894 2 0.197754
86.9101 -5.39171 0.554296 0.673195 0.644884 1.1662 6.10057 2 0.187133
83.5621 6.94191 0.577386 0.656959 0.931198 1.31938 2.92028 2 0.141994
80.16 8.42415 0.573864 0.474288 0.456622 1.17621 6.25261 2 0.138928
84.1438 -2.42552 1.43063 0.750196 1.49386 1.57774 6.58836 1 0.136378
86.6921 12.7891 0.444522 0.436722 0.422513 0.90227 6.73289 2 0.123577
102.161 -15.5969 0.537859 0.41713 0.492282 1.05409 6.2147 2 0.117167
