75.2387 0.481281 0.714947 0.755233 0.965489 1.5357 2.81982 2 0.891622
87.6243 -2.9718 0.952107 1.06961 0.980634 1.87225 2.05077 2 0.806548
71.5287 0.390486 3.38673 3.28758 2.59981 3.17577 6.37364 0 0.736021
87.3434 4.67887 0.845659 0.946118 1.1523 1.66918 3.01476 2 0.639286
81.7182 -5.02048 1.3075 0.859684 1.82887 1.83379 6.23875 1 0.439747
81.1537 6.25915 1.37415 0.812344 1.83401 1.92273 6.16734 1 0.319121
83.936 -2.39667 1.46319 0.960453 1.45109 1.46167 6.57127 1 0.234056
85.7828 -1.15695 1.0068 0.620721 1.85472 1.76053 6.46739 1 0.226784
82.8195 2.46266 3.22527 4.56372 1.57446 2.69442 0.888848 0 0.202128
88.1755 -0.721924 0.357837 0.387481 0.532283 0.890888 6.18669 2 0.114765
80.8064 -1.79466 0.404212 0.426189 0.395946 0.90536 5.67595 2 0.11358
88.1703 -8.16205 1.03122 0.456575 1.93808 1.82441 6.19615 1 0.110856
83.8108 6.93488 0.413213 0.77319 0.74271 1.11117 6.1873 2 0.101589
