75.1322 0.447847 0.759561 0.650098 0.865987 1.51675 2.87548 2 0.949389
81.4109 6.38022 1.48609 1.37881 1.79163 1.86392 6.28862 1 0.859899
87.2478 4.72173 0.872662 0.835813 1.1523 1.68207 3.31945 2 0.756717
71.288 0.417249 3.4067 3.41104 2.75173 3.239 6.37632 0 0.695545
87.5017 -3.04691 0.878141 1.0618 0.902844 1.779 2.62011 2 0.667581
81.4512 -5.8745 1.06716 0.902462 1.0265 1.96018 3.1121 2 0.373876
81.5547 -4.72686 1.02098 0.964779 1.13457 1.88624 3.09142 2 0.294621
83.8263 -2.4828 1.42503 0.802097 1.49934 1.47133 6.44273 1 0.272799
88.2018 -8.16957 0.998655 0.435241 1.90521 1.76031 6.2213 1 0.202443
83.0954 6.49021 1.3884 0.679402 1.85767 1.66602 6.53978 1 0.144631
85.7173 -1.31772 1.21591 0.904026 1.90771 1.86312 6.59788 1 0.114963
80.7928 -1.7988 0.396385 0.415301 0.393825 0.897875 5.72722 2 0.113383
88.1958 -0.718478 0.347466 0.380358 0.523264 0.885251 6.10557 2 0.109706
80.907 -8.53281 0.477982 0.901691 0.988989 1.35381 5.98289 2 0.100702
83.7791 6.87882 0.436107 0.731371 0.779495 1.12016 6.09715 2 0.100525
