74.9275 0.42893 0.740385 0.68706 0.923768 1.53173 2.86254 2 0.923178
81.2416 6.48897 1.49626 1.45143 1.94409 1.86164 6.29139 1 0.909103
87.211 4.45165 1.07499 0.896697 0.76816 2.03628 4.04784 2 0.722135
87.3447 -3.00245 0.796739 0.986212 1.03721 1.62478 2.31542 2 0.651798
81.5395 -4.99891 1.44386 1.06729 1.81309 1.73683 6.08726 1 0.614625
71.1549 0.421527 3.10875 3.39857 2.58683 3.03738 6.30668 0 0.58747
80.6037 -6.91186 0.517313 0.85386 0.911217 1.32196 6.10862 2 0.272411
83.6153 -2.51103 1.45759 0.716541 1.49058 1.5979 6.52586 1 0.263979
83.8743 6.54663 1.20523 0.555054 1.82976 1.6834 6.32527 1 0.207857
84.4813 -4.70457 0.651156 0.502786 0.498571 1.23025 6.6237 2 0.190724
87.233 5.84593 0.485027 0.512578 0.556604 0.987328 6.43297 2 0.181844
82.7198 -0.510907 0.315571 0.406275 0.468136 0.829589 6.01854 2 0.173849
83.7534 4.6193 0.773258 0.75082 0.794384 1.43857 6.30017 2 0.162912
86.2269 -1.24941 0.972706 1.28755 2.0131 1.75323 6.43944 1 0.160266
82.7081 6.22712 1.21846 0.670177 1.76569 1.70865 6.38756 1 0.141519
83.1733 3.39807 1.20179 0.846233 0.699332 2.05225 3.35223 2 0.128307
88.1958 -8.14176 1.01697 0.42433 1.92449 1.79131 6.18419 1 0.114963
35.9219 1.73142 0.512617 0.593296 0.652167 1.23296 6.35014 2 0.107063
