81.1829 6.45101 1.48812 1.54906 1.90719 1.98655 6.31581 1 0.910704
74.8065 0.477927 0.690683 0.841084 0.999548 1.49323 2.67254 2 0.896976
86.9475 4.4922 1.10943 0.950633 0.861349 2.08813 3.62377 2 0.694717
70.7877 0.426522 1.68045 1.68441 1.88031 2.06509 6.25711 1 0.683842
86.9731 -3.08299 0.962673 1.11957 1.07367 1.83918 2.23192 2 0.617397
81.385 -5.01149 1.39806 1.25772 1.88026 1.84547 6.17149 1 0.551091
84.6544 -4.65115 0.679333 0.848457 0.904133 1.51019 6.13792 2 0.377541
83.4998 -2.14229 1.45759 0.900941 1.77238 1.8282 6.40721 1 0.358465
83.8608 5.31551 1.40621 1.55631 2.17635 1.55556 6.47069 1 0.216012
80.6161 -6.87889 0.5134 0.779908 0.874166 1.28976 6.11277 2 0.202759
86.1166 -0.864776 1.00374 0.572673 1.95146 1.76182 6.30662 1 0.14247
