74.5339 0.480841 0.630414 0.874002 0.988023 1.4435 2.73992 2 0.863392
81.3297 -5.04038 1.41078 1.31808 1.92085 1.79175 6.02952 1 0.732209
86.6979 4.44124 1.00377 0.910984 0.812726 1.93971 3.14539 2 0.690559
80.7292 6.46929 1.47388 0.89088 1.85688 1.9272 6.27321 1 0.66236
70.8238 0.338032 3.28685 3.28036 2.61477 3.00547 6.40342 0 0.518546
86.903 -3.05143 1.09065 1.13001 1.12629 2.02983 2.40673 2 0.429669
83.4127 -2.39477 1.49219 0.976054 1.77477 1.7601 6.40819 1 0.409693
93.1547 -11.9823 0.465263 0.84296 0.752108 1.18891 6.07335 2 0.363873
84.6135 -4.67352 0.570146 0.925556 0.883823 1.42303 6.11876 2 0.331552
85.1137 -6.27699 1.04525 0.610636 0.643626 1.89686 6.528 2 0.303216
84.1679 9.53031 1.11568 0.522444 1.99095 1.7828 3.45629 1 0.287768
82.7941 1.76327 0.373491 0.667956 0.69051 1.05049 6.36577 2 0.273574
82.921 3.37338 1.1877 0.813914 0.750457 1.96521 3.53387 2 0.23092
83.821 4.65898 0.503029 0.536915 0.482524 1.02216 6.69011 2 0.220678
86.2633 -0.732813 0.458219 0.798732 0.962606 1.30449 2.90331 2 0.18418
83.3124 6.89322 1.39756 1.89546 2.2977 1.68895 6.30601 1 0.146331
