74.4184 0.431789 0.669158 0.783857 0.930999 1.47746 2.95299 2 0.925095
80.6527 6.44295 1.46726 1.1339 1.76257 1.91687 6.24882 1 0.845177
81.091 -5.02915 1.48151 1.32502 1.9087 1.85654 6.09178 1 0.759582
86.6763 4.43699 1.07969 0.874162 0.838729 2.04325 3.71825 2 0.735262
70.6525 0.280933 3.29351 3.47407 2.73499 3.09048 6.35173 0 0.575111
86.6765 -3.06438 1.13056 1.2441 1.12273 2.14392 3.01537 2 0.560734
82.1617 -13.732 0.449413 0.759045 0.676163 1.14784 6.04735 2 0.317003
82.7823 -0.51197 0.369186 0.630558 0.628103 1.03118 5.86229 2 0.303216
84.1809 9.51919 1.10245 0.606342 2.01324 1.78345 3.45165 1 0.296654
85.1306 -6.26442 1.0249 0.737918 0.837093 1.84232 3.60815 2 0.286169
83.3934 -2.59175 1.4637 0.848839 1.73207 1.65084 6.44407 1 0.283385
82.8428 1.69278 0.453523 0.82381 0.915461 1.21295 6.43797 2 0.248717
83.8556 -5.19913 1.28715 0.938204 1.69711 1.66135 6.29164 1 0.157655
80.4248 9.09339 0.42241 0.953073 0.854567 1.30417 5.8557 2 0.141994
35.9263 1.78641 0.589322 0.728075 0.673856 1.37916 6.25554 2 0.129513
96.5418 -12.6617 0.567015 0.500826 0.46336 1.12289 6.12077 2 0.126138
93.1732 -11.9748 0.522792 0.801922 0.734506 1.20469 5.90208 2 0.114369
86.0853 -0.507993 0.441586 0.342787 0.496385 0.930003 6.10484 2 0.108566
