81.0447 -5.04944 1.55121 1.56536 2.01287 1.9087 6.28468 1 0.951414
74.2057 0.461888 0.577582 0.810345 0.872114 1.41575 3.03618 2 0.900004
86.4459 4.43706 1.10943 0.84515 0.753486 2.07644 4.10058 2 0.737536
80.3243 6.31007 1.44945 0.694157 1.79131 2.012 6.30009 1 0.672762
70.3637 0.283451 3.22693 3.47407 2.78859 3.11548 6.32969 0 0.584627
86.3735 -3.0656 0.93567 0.923638 1.31999 1.7685 2.66576 2 0.518546
82.8316 -0.499111 0.380731 0.661788 0.651054 1.06002 5.96971 2 0.394201
82.843 1.69542 0.448826 0.815966 0.946266 1.20999 6.49376 2 0.25945
56.4796 24.015 0.500485 0.797195 0.960904 1.2738 6.43321 2 0.223377
85.0791 -6.33649 0.867574 0.892438 0.844276 1.65288 6.61619 2 0.21305
35.932 1.78779 0.528075 0.704986 0.627796 1.24445 6.28483 2 0.180395
83.9023 4.39549 0.538055 0.391666 0.386774 0.898753 6.53483 2 0.16238
103.659 11.0039 0.708685 0.56516 0.513143 1.33559 6.6403 2 0.146087
88.9328 -1.40473 0.449413 0.370279 0.38115 0.92457 5.83055 2 0.145601
86.0735 1.05495 0.353238 0.369737 0.456845 0.860112 6.01048 2 0.14439
81.8724 -13.3292 1.07345 0.546982 1.94003 1.87533 6.3463 1 0.139162
82.3278 3.42093 1.22214 0.833088 0.791673 1.96641 3.32879 2 0.133415
90.0661 1.30549 0.464676 0.385406 0.466311 0.930457 6.39512 2 0.131842
