80.4114 6.29579 1.53493 1.30527 1.8163 1.91477 6.3524 1 0.941115
80.8911 -5.02561 1.46421 1.57898 2.01847 1.98522 6.33564 1 0.916559
86.2641 4.63732 1.04994 0.86324 0.808027 1.97363 3.95458 2 0.914444
74.0472 0.49502 0.537077 0.959611 0.984712 1.42764 2.84545 2 0.85561
86.3572 -3.06152 1.04838 1.07249 1.11848 1.97435 2.27929 2 0.753829
70.0915 0.315569 1.64687 1.75697 1.92637 1.97398 6.22798 1 0.512205
82.5549 -0.498213 0.404408 0.786637 0.882044 1.22965 2.84228 2 0.38122
56.5083 24.0267 0.549209 0.888253 0.974607 1.34836 6.33207 2 0.305697
90.0432 1.7874 0.973215 0.503904 1.74885 1.73302 6.07762 1 0.204025
85.0284 -6.4022 0.954898 0.75941 1.77477 1.7601 6.37339 1 0.193452
82.7235 -2.42629 1.55223 0.729604 1.72721 1.76612 6.52635 1 0.171061
88.6381 -1.05543 0.536294 0.807309 1.01616 1.33135 3.17443 2 0.151781
35.9281 1.78438 0.583452 0.642054 0.60967 1.26035 6.24577 2 0.146331
86.0982 1.05543 0.340617 0.367039 0.460203 0.853419 6.04857 2 0.137532
83.4898 3.12915 0.52514 0.471057 0.473423 0.988292 6.56901 2 0.119923
81.9035 3.29526 1.40112 0.704744 1.47178 1.6065 6.04368 1 0.113776
83.8265 4.28737 0.552535 0.470138 0.565231 1.02291 6.65745 2 0.11221
57.3416 24.5533 0.498724 0.702152 0.815011 1.19619 6.33262 2 0.108756
