80.2679 6.27566 1.50237 1.46291 1.80745 1.98461 6.37401 1 0.948058
73.8059 0.483344 0.680507 0.85647 1.03077 1.48941 2.71606 2 0.919498
80.728 -5.13748 1.50644 1.55147 2.12775 2.14719 6.23179 1 0.896433
86.0612 4.65003 1.0249 0.87753 0.758284 1.91969 3.05022 2 0.873431
86.2556 -3.00183 0.929799 0.942545 1.1841 1.76861 2.54345 2 0.637482
70.0429 0.344537 1.61736 1.81862 1.95587 2.00311 6.25552 1 0.593138
82.5594 -0.451517 0.381905 0.642838 0.795306 1.11606 6.04136 2 0.257952
82.5871 -2.53923 1.46472 0.721809 1.75805 1.53743 6.50755 1 0.206254
81.854 3.31331 1.41893 0.632963 1.4589 1.73641 6.05064 1 0.174129
88.6327 -0.716572 0.461154 0.569175 0.65552 1.07567 6.10838 2 0.129073
86.3157 -4.58319 0.521618 0.576729 0.55851 1.0804 6.03416 2 0.126677
86.093 1.0555 0.362729 0.372637 0.466083 0.865589 6.02293 2 0.122839
83.4939 3.11463 0.529641 0.472901 0.470197 0.985642 6.53581 2 0.118998
83.8312 4.29207 0.566624 0.485062 0.561243 1.02867 6.63279 2 0.118385
56.7521 24.3071 0.928949 1.14839 1.72027 1.7672 6.45433 1 0.102125
