80.2107 6.28628 1.44386 1.5904 1.92537 2.07346 6.38499 1 0.947866
80.4235 -5.1621 1.57767 1.37511 2.0727 1.94706 6.32185 1 0.921499
73.639 0.480182 0.69851 0.782411 1.05046 1.5251 2.74218 2 0.881819
85.688 4.59261 1.08204 1.145 1.07669 1.99884 3.11292 2 0.801004
69.9235 0.249663 3.20196 3.25086 2.61046 2.94303 6.25819 0 0.772187
85.9591 -2.86387 1.10708 1.10626 1.18554 2.06179 2.60107 2 0.52975
73.8087 11.7322 1.47388 1.66438 2.09732 1.67499 6.13835 1 0.38168
82.5546 -2.60197 1.45658 0.842233 1.66327 1.62882 6.46641 1 0.302391
82.5596 -0.457309 0.384057 0.632177 0.790901 1.10873 6.0305 2 0.228501
81.8423 3.39963 1.43877 0.551272 1.52817 1.643 6.14805 1 0.225758
83.5177 3.27154 0.567993 0.548709 0.491081 1.07331 6.57683 2 0.201185
80.3191 -8.97619 0.611629 0.611531 0.675833 1.1788 6.7451 2 0.145358
86.3523 -4.58623 0.496963 0.494871 0.485834 1.00165 6.06053 2 0.108189
57.1636 24.4463 0.497941 0.698135 0.552138 1.12125 6.38737 2 0.106691
88.548 -0.61935 0.480526 0.59344 0.692367 1.11062 6.23979 2 0.101947
