80.0195 6.27712 1.46268 1.55673 1.90445 2.11571 6.30638 1 0.935935
73.4258 0.474435 0.73608 0.741892 0.989109 1.52608 2.96117 2 0.915053
80.2539 -5.12492 1.52883 1.42171 1.97458 1.83928 6.25914 1 0.89607
85.6027 4.5991 1.09378 1.06778 0.903251 2.06784 3.44433 2 0.824744
69.7296 0.246901 3.17034 3.11338 2.44931 2.86784 6.2754 0 0.811974
85.7276 -2.85199 1.10317 1.12533 1.18612 2.06229 2.78539 2 0.585575
73.8054 11.7291 1.48507 1.66479 2.09534 1.6795 6.13737 1 0.408277
83.0579 -1.47655 0.464089 0.406474 0.497356 0.916032 6.05638 2 0.278257
86.3513 -4.5829 0.518879 0.482464 0.493967 1.00337 6.0261 2 0.175538
80.307 -8.94686 0.621805 0.604407 0.64394 1.17563 6.81053 2 0.162115
82.8159 -3.31781 1.17909 0.771116 0.855611 2.1004 3.06219 2 0.158956
81.5561 3.56524 1.42147 0.601623 1.48151 1.69888 6.00657 1 0.146087
81.7352 -5.22144 1.36143 1.12233 1.94988 1.81996 6.23863 1 0.128525
91.6349 3.19468 1.13705 1.28535 1.81896 1.9108 6.25439 1 0.108945
