80.1216 -5.15111 1.60108 1.45055 1.95271 1.92861 6.19114 1 0.940681
73.2932 0.486478 0.759952 0.685887 0.985674 1.55525 2.90832 2 0.883437
79.8423 6.31593 1.50237 1.59319 1.98571 2.15586 6.37266 1 0.869049
85.4602 4.60482 0.98498 0.807728 1.01976 1.82932 3.18554 2 0.781664
69.4742 0.330234 3.05382 3.31255 2.60441 2.88892 6.29638 0 0.721351
85.6767 -2.90456 1.11882 1.02387 0.994133 2.04026 3.25695 2 0.609989
81.3516 3.63452 1.40112 0.809177 1.69194 1.73302 6.00145 1 0.220342
84.3582 -8.50004 0.970162 0.347344 1.86266 1.73811 6.05308 1 0.172729
83.1056 -1.33365 0.481504 0.397446 0.464493 0.898753 5.76121 2 0.166134
83.985 8.06849 1.00476 0.424744 1.99491 1.70386 3.00866 1 0.163179
81.9068 -2.67036 1.46574 0.898744 1.71231 1.65346 6.6096 1 0.124852
83.7497 -5.08573 1.08566 0.783516 1.81098 1.77867 5.95506 1 0.124745
83.157 6.53021 0.579538 0.476843 0.462682 1.11171 5.95085 2 0.100172
