73.1204 0.455619 0.768953 0.679138 0.901617 1.53397 3.02386 2 0.95388
79.9417 -5.13484 1.59192 1.60275 1.92661 1.90521 6.25715 1 0.911967
79.6375 6.27332 1.46675 1.5394 1.86961 2.14222 6.32222 1 0.891622
85.2701 4.56456 1.0249 0.936238 0.793996 1.95349 3.32152 2 0.873862
85.4218 -2.93294 0.957586 1.03544 0.932278 1.8376 2.46679 2 0.810179
69.1958 0.331047 3.10209 3.11414 2.39842 2.8497 6.32243 0 0.747984
82.7481 -1.16314 0.379068 0.752219 0.695925 1.11606 6.14573 2 0.396535
81.2065 3.61512 1.40621 0.572673 1.69256 1.69743 5.9973 1 0.262464
83.7846 -2.13388 0.334356 0.675088 0.645987 0.966106 6.08189 2 0.166134
84.2759 7.7258 0.990514 0.871944 1.9122 1.74576 6.28883 1 0.148541
84.0693 -4.35319 0.607716 0.712165 0.836684 1.27194 6.0095 2 0.134094
88.3663 -1.38336 1.09329 0.400963 1.65376 1.82352 6.22773 1 0.131619
83.1348 6.52904 0.583061 0.471978 0.435925 1.10171 6.08171 2 0.102664
