79.6884 -5.00475 1.59192 1.52462 1.90882 1.99092 6.26739 1 0.930836
85.0682 4.61307 0.987328 0.912877 0.896362 1.88302 3.36889 2 0.897156
72.9857 0.467057 0.770519 0.763902 1.04152 1.55955 2.86688 2 0.886813
85.3063 -2.95281 1.03586 0.996133 0.839293 1.97146 2.57665 2 0.837885
69.1593 0.43731 3.39005 3.32471 2.56576 3.05373 6.31706 0 0.789558
79.3143 6.37517 1.47388 1.30814 1.89506 2.10502 6.21629 1 0.756717
82.7308 -1.08776 0.402842 0.947852 0.855585 1.26374 6.1439 2 0.589362
83.2092 6.61732 0.55097 0.707443 0.706626 1.18601 6.13389 2 0.472197
83.8104 -2.1286 0.345705 0.687227 0.649783 0.97654 6.05345 2 0.190724
81.555 -2.5902 1.44131 0.704744 1.58924 1.64641 6.58323 1 0.190122
80.6765 -6.92717 0.489136 0.675006 0.766099 1.15149 6.52635 2 0.178383
81.1374 3.62546 1.43724 0.759781 1.8111 1.645 6.21104 1 0.16238
84.2421 7.63851 1.01595 0.687411 1.84817 1.78128 6.22459 1 0.154567
81.7571 -4.46436 1.38433 1.27628 1.81242 1.61594 6.24962 1 0.145601
88.3506 -1.39975 1.09227 0.410873 1.6835 1.82553 6.22661 1 0.142948
83.7897 -4.07951 0.492462 0.729276 0.61761 1.13364 5.94792 2 0.136608
83.1954 -9.80366 0.940652 1.01543 1.79415 1.71471 6.43724 1 0.125279
