79.5296 -5.01507 1.46624 1.50264 1.96533 2.0405 6.30516 1 0.912592
72.7649 0.446454 0.796348 0.72144 0.955494 1.5648 2.81615 2 0.894973
85.153 -3.0444 1.05777 1.0133 0.769192 2.00251 2.0537 2 0.883437
79.2713 6.32177 1.45607 1.41375 1.98038 2.07365 6.2086 1 0.865906
69.1345 0.435036 3.47328 3.33935 2.60378 2.97626 6.31755 0 0.815526
84.9507 4.59342 1.03116 0.959728 0.91616 1.91946 3.17687 2 0.815526
82.5832 -1.01177 0.5134 0.812376 0.965548 1.30337 3.10674 2 0.688049
81.2503 -2.48334 1.49932 0.693141 1.57591 2.022 6.56785 1 0.284974
83.7811 -2.15302 0.34639 0.687395 0.645672 0.969414 5.96019 2 0.265119
82.3627 -13.2182 0.867893 0.809968 1.77596 1.71618 6.34108 1 0.193757
81.8451 -4.42734 1.43622 1.1328 1.8545 1.92602 6.04783 1 0.191026
84.1015 3.61248 0.695379 0.629635 0.563853 1.25697 6.59636 2 0.174973
80.7059 6.12492 1.0531 0.806023 2.07232 1.77737 6.27681 1 0.138695
81.0064 3.05479 1.5909 0.814728 1.93276 1.9738 6.15281 1 0.137532
88.4167 -1.37612 1.01087 0.504396 1.86859 1.72332 3.19308 1 0.13707
83.6133 -4.88729 1.11008 0.988524 1.98737 1.81375 6.07469 1 0.128307
90.0677 2.75868 1.06785 0.613489 1.9167 1.88716 6.5117 1 0.125386
82.2155 1.12629 0.301286 0.383903 0.438915 0.819123 6.25653 2 0.118385
85.3669 -1.4132 0.536685 0.555991 0.576942 1.07069 5.75877 2 0.102305
