79.2364 -5.135 1.53493 1.33541 1.86756 2.02046 6.1981 1 0.940898
78.978 6.29208 1.5217 1.45108 1.86847 1.9115 6.19969 1 0.887009
84.9681 -2.96168 1.09691 0.926574 0.785513 2.03727 3.08971 2 0.870377
69.0881 0.414893 3.51656 3.43611 2.65708 3.00621 6.32753 0 0.840521
72.601 0.49293 0.665245 0.963014 1.10626 1.47926 2.83935 2 0.831964
84.7186 4.56258 1.11726 1.12231 1.09859 2.0917 3.3463 2 0.628407
82.5827 -0.864608 0.535707 0.749836 0.919493 1.23688 3.07366 2 0.516108
83.2108 6.89592 0.604976 0.72034 0.723825 1.23085 6.47642 2 0.38769
82.2239 1.42222 0.423975 0.750431 0.867469 1.2484 6.39341 2 0.33112
80.4529 6.26445 1.1284 0.683729 1.93031 1.81464 6.40464 1 0.294215
81.1453 -2.68659 1.50033 0.690101 1.66327 1.90568 6.49608 1 0.202128
83.6466 -4.63369 1.02562 0.718293 1.82853 1.77001 6.49095 1 0.197444
85.3459 -1.40239 0.584235 0.575885 0.565783 1.12098 5.67918 2 0.181553
81.8694 -4.24586 1.49423 0.855497 1.69711 1.99634 6.40513 1 0.178383
90.0703 2.75946 1.06175 0.61951 1.92085 1.87911 6.48631 1 0.162115
81.0841 3.08249 1.57971 1.08039 1.98322 2.03118 6.17357 1 0.146575
93.4501 15.5659 0.605759 0.6463 0.757082 1.20557 6.45506 2 0.134548
82.1326 -12.1199 0.646851 0.674511 0.863006 1.40225 6.0327 2 0.112405
