79.1836 -5.11191 1.56241 1.48259 1.94501 1.99634 6.30726 1 0.959837
78.7926 6.29423 1.57564 1.35594 1.99943 2.00409 6.21434 1 0.945298
72.3741 0.455216 0.775606 0.785413 1.07853 1.54468 3.01317 2 0.945096
84.7401 -2.96879 1.1063 1.0479 0.850664 2.04925 3.0028 2 0.854642
68.7122 0.425208 3.35676 3.20672 2.44095 2.88892 6.2726 0 0.838415
84.4502 4.55188 1.20805 1.26123 1.06531 2.2672 3.76141 2 0.562177
80.8723 1.75363 0.368403 0.651449 0.688658 1.05332 6.31234 2 0.45423
82.2215 1.40572 0.419866 0.780241 0.909245 1.24658 3.23302 2 0.435421
82.5744 -0.877219 0.463894 0.70121 0.951798 1.15826 3.0266 2 0.31279
83.4487 6.90098 0.493441 0.945079 0.810596 1.26281 6.45384 2 0.264738
80.8633 3.93115 1.50746 0.696193 1.6647 1.75859 6.00926 1 0.230227
80.3598 6.41537 1.10805 0.635751 1.71251 1.90056 6.4586 1 0.216012
83.382 -3.07896 0.519661 0.479645 0.500034 0.991434 5.72069 2 0.209146
83.7846 -5.07144 0.575625 0.497779 0.625501 1.06573 6.18138 2 0.187728
81.7943 -7.28255 0.948029 0.998713 1.93264 1.66175 6.08726 1 0.101947
88.2995 -0.547018 0.367034 0.82219 0.797396 1.12317 5.89232 2 0.100879
