79.0833 -5.07289 1.49626 1.59083 1.99699 2.13432 6.34764 1 0.955899
78.6771 6.32003 1.54918 1.43584 1.9292 1.94849 6.27325 1 0.952131
72.3174 0.50764 0.780303 0.806989 1.07511 1.54383 3.0067 2 0.933309
68.4376 0.431259 3.33346 3.09745 2.43114 2.89104 6.31271 0 0.7413
84.4725 -2.96219 0.891838 0.966901 1.01678 1.68659 2.39892 2 0.66061
88.5377 -0.595007 0.403429 0.978418 0.880269 1.27785 2.74804 2 0.503418
84.2174 4.55203 1.19396 1.28234 1.05496 2.22552 3.84716 2 0.469763
83.4494 6.90324 0.484048 0.925217 0.790514 1.25651 6.32902 2 0.223716
80.6093 3.79855 1.58988 0.658499 1.75398 1.84445 6.13231 1 0.183594
86.03 -7.58234 0.554296 0.548843 0.491801 1.13253 6.69792 2 0.169956
83.4731 -2.98415 0.490506 0.66082 0.721091 1.09956 5.70946 2 0.168857
82.6342 -1.09582 0.948029 0.530671 1.7726 1.71534 6.30793 1 0.166134
80.8405 1.68574 0.397951 0.418558 0.456176 0.887415 6.38963 2 0.148788
82.3026 -12.1264 1.08617 0.645763 1.81752 1.86768 6.40648 1 0.143427
82.198 1.38926 0.4817 0.704126 0.845204 1.23205 6.5991 2 0.136148
