78.52 6.39711 1.51254 1.43838 1.8571 1.88003 6.36046 1 0.957358
78.9526 -5.11935 1.55834 1.67289 2.04714 2.11339 6.41758 1 0.944689
72.0741 0.472574 0.772867 0.777069 1.03153 1.54544 3.07098 2 0.939913
68.3674 0.437838 3.36675 3.13703 2.47758 2.91016 6.30079 0 0.771499
84.3465 -3.00905 1.09691 1.02362 0.912094 2.04175 2.63232 2 0.671901
88.6886 -0.556183 0.527097 0.78228 0.794917 1.25789 6.61424 2 0.527803
84.0176 4.39277 1.20022 1.25693 1.08222 2.22226 3.45727 2 0.520496
86.3373 -1.05 0.569168 0.696773 1.08103 1.2863 3.19158 2 0.36523
83.185 -3.31341 0.636676 0.658324 0.864351 1.2816 2.38427 2 0.290981
82.8416 -0.834181 0.866367 0.6262 1.83849 1.612 3.16247 1 0.262464
80.8547 1.72636 0.416931 0.445118 0.484177 0.911125 6.41624 2 0.242564
80.6143 -2.6486 1.45098 0.638239 1.65053 1.72901 6.57249 1 0.176672
80.5233 3.7076 1.50847 0.767237 1.81929 1.71304 6.16685 1 0.170232
79.9775 6.96482 1.2785 0.652418 1.7075 1.79415 6.43272 1 0.158435
93.3302 21.685 0.514574 0.88118 0.726392 1.26961 6.21183 2 0.131396
82.5801 3.01612 0.62063 0.541258 0.523264 1.14868 6.62273 2 0.120335
35.938 1.77079 0.457828 0.706149 0.617007 1.19531 6.40007 2 0.108189
