71.8811 0.520435 0.783825 0.795713 1.05509 1.54327 2.91515 2 0.953188
78.6403 -5.05349 1.49118 1.50447 1.96116 2.07093 6.28224 1 0.951233
78.2226 6.33091 1.56648 1.29701 1.95018 2.0678 6.33162 1 0.903805
68.204 0.377328 3.21861 3.18254 2.51967 2.85736 6.31045 0 0.851212
82.7776 -0.673825 0.482287 0.923638 0.947191 1.35513 3.04986 2 0.556882
83.8022 4.34245 1.10317 1.12505 1.2004 1.97507 2.71191 2 0.386763
80.7366 10.1633 0.400396 0.95622 0.883876 1.29623 6.16765 2 0.362518
84.2658 -2.96557 1.05777 1.01046 1.03911 1.95064 2.78857 2 0.358465
80.5572 7.83514 1.11873 0.51284 1.93506 1.88681 6.2783 1 0.182134
93.3336 21.6841 0.512421 0.874109 0.725505 1.26683 6.31907 2 0.148047
86.2713 -0.74623 0.409495 0.414288 0.517673 0.90095 6.21904 2 0.144873
84.3518 12.2636 0.525336 0.786613 0.77079 1.25115 6.4149 2 0.127979
80.1735 3.73885 1.51153 0.57044 1.69711 1.84592 6.1544 1 0.127002
35.7087 1.77931 0.482091 0.619496 0.622758 1.1892 6.32237 2 0.109897
