78.4151 -5.06575 1.56241 1.47025 1.9632 1.95767 6.2996 1 0.961025
78.062 6.36875 1.539 1.25711 1.93885 2.00611 6.29487 1 0.954052
71.6693 0.533926 0.670332 0.81685 0.933104 1.46542 2.99352 2 0.883034
68.0369 0.340306 3.47994 3.15007 2.59901 2.85039 6.34172 0 0.851212
84.0109 -3.08242 1.09926 1.11167 0.932307 2.06229 2.47021 2 0.612773
83.7206 4.34639 1.05777 1.09926 1.25801 1.91478 2.82201 2 0.379838
80.722 10.189 0.401668 0.975437 0.90615 1.30481 6.27353 2 0.370681
80.0302 3.9624 1.46777 0.688419 1.78628 1.83379 6.05174 1 0.363873
82.4912 1.42757 0.426324 0.923863 1.0309 1.30178 6.58714 2 0.244003
82.9058 -0.85339 0.858735 0.647974 1.7188 1.63539 6.42125 1 0.238284
83.9895 -8.20202 1.01188 0.460156 1.95274 1.71011 2.87939 1 0.154058
86.2745 -0.74656 0.397559 0.39551 0.507413 0.895249 6.27377 2 0.11358
93.3298 21.6887 0.512617 0.872403 0.713125 1.26035 6.2682 2 0.106319
81.1035 12.7573 1.08719 0.98419 1.79744 1.89732 6.48021 1 0.104295
