78.2092 -5.18357 1.6316 1.53358 2.08742 2.17224 6.26547 1 0.954052
71.5035 0.504066 0.783042 0.72263 0.945718 1.54139 3.05828 2 0.946794
77.9292 6.30403 1.5502 1.40361 2.0153 2.05588 6.3202 1 0.946498
67.8591 0.417127 3.20696 3.17323 2.41458 2.79458 6.33079 0 0.839997
83.8069 -3.07713 1.1243 1.11222 1.01047 2.0917 2.9154 2 0.632957
83.4695 4.38783 1.03586 1.1095 1.27408 1.92909 3.3955 2 0.445047
82.5231 1.42219 0.437869 0.912765 1.0414 1.28489 3.43651 2 0.402627
82.5632 -0.570517 0.544317 0.780313 0.908136 1.32212 2.90734 2 0.240775
84.3784 -5.2996 0.415953 0.485536 0.454842 0.97654 6.13914 2 0.113973
81.3185 -3.36972 3.10542 3.86332 2.04099 2.91016 5.77879 0 0.100879
