71.3146 0.501261 0.775998 0.758235 0.989472 1.51962 2.89281 2 0.968915
77.7113 6.30757 1.61431 1.33966 2.03798 1.93191 6.25863 1 0.962179
78.0879 -5.18597 1.62652 1.68133 2.03437 2.11409 6.29973 1 0.951594
67.8576 0.443321 3.60977 3.48171 2.78001 2.97481 6.27728 0 0.903123
83.6865 -3.0606 1.17831 1.14389 1.05213 2.18088 2.30858 2 0.629319
83.4116 4.38834 1.00024 1.04279 1.27035 1.86745 3.57665 2 0.535584
88.5967 20.6093 0.582278 0.967846 0.864535 1.38236 7.03904 2 0.408749
80.2044 -10.5044 0.472503 0.840597 0.882987 1.25069 5.90501 2 0.358915
83.289 -1.46691 0.452153 0.887278 1.00874 1.34376 2.81029 2 0.245447
89.8645 -12.2967 0.622979 0.92454 0.842012 1.42407 5.93626 2 0.227469
82.3559 1.4121 0.914194 0.521934 1.81497 1.70054 6.11253 1 0.167219
87.9775 2.39016 0.437282 0.650733 0.544109 1.09876 6.56175 2 0.119819
83.7144 13.3405 1.1803 0.597816 1.89836 1.80228 6.54612 1 0.102484
