77.6424 6.27402 1.60006 1.51322 2.02849 2.02178 6.23686 1 0.9666
77.9679 -5.16458 1.67027 1.73386 2.01333 2.07061 6.35496 1 0.955569
71.1189 0.469321 0.766605 0.818722 1.0674 1.54209 2.84472 2 0.948632
67.6261 0.406812 3.49326 3.54822 2.87064 3.03182 6.28189 0 0.91804
83.1967 -3.04909 1.08282 1.10599 1.04905 2.05175 2.1665 2 0.509276
83.3779 4.35367 0.970109 1.02788 1.18208 1.85111 3.23022 2 0.435901
80.2027 -10.5067 0.461937 0.842214 0.868396 1.24445 5.94652 2 0.336767
88.5963 20.5958 0.590888 0.967846 0.874406 1.38727 6.70555 2 0.31363
80.8171 -1.2351 0.468003 0.529365 0.486072 1.0147 6.34245 2 0.231267
79.2443 3.55037 1.49016 0.488877 1.57207 1.8036 5.95848 1 0.218336
89.7725 -12.4206 0.590496 1.00628 1.04102 1.43489 2.81957 2 0.205296
79.5775 -2.36878 1.43724 0.741456 1.52296 1.5292 6.2606 1 0.132515
83.5099 -4.25361 0.705945 0.582958 0.732804 1.34639 6.28393 2 0.105948
