77.8163 -5.18147 1.70792 1.75869 2.02601 2.0678 6.3351 1 0.964656
77.4951 6.2575 1.67841 1.63993 2.04009 2.1814 6.28456 1 0.959535
67.4705 0.342255 3.46329 3.67562 2.89367 3.0422 6.29515 0 0.938913
70.9887 0.498484 0.762692 0.848509 1.12204 1.52972 2.9005 2 0.934991
83.0916 4.34293 1.12195 1.16673 1.09685 2.09222 3.23015 2 0.716615
83.1067 -3.08955 1.01081 1.07695 1.2531 1.88693 2.50097 2 0.46393
79.1738 3.67317 1.54409 0.550734 1.74203 1.77433 6.00975 1 0.246896
79.5152 -2.42625 1.50237 0.624979 1.51628 1.46167 6.48167 1 0.240418
89.7685 -12.4198 0.599106 1.01454 1.03784 1.44112 5.98216 2 0.216674
80.8123 -1.23408 0.469177 0.494991 0.555382 1.01867 6.32701 2 0.203075
88.0403 1.78514 0.990006 0.460605 1.77574 1.68586 6.51927 1 0.151529
94.0999 2.93881 0.483853 0.799268 0.80714 1.2816 6.19548 2 0.125065
82.5126 1.10837 0.466242 0.355746 0.323952 0.873657 6.37468 2 0.120026
84.1464 13.9251 0.511639 0.75277 0.616405 1.21177 6.34904 2 0.108189
