77.2671 6.27999 1.66315 1.50907 2.06386 1.97591 6.30009 1 0.965576
77.5688 -5.17542 1.63059 1.60126 1.95459 2.03615 6.23478 1 0.953013
66.9592 0.320325 3.37674 3.25801 2.75224 2.98573 6.25194 0 0.819605
70.7757 0.527071 0.754082 0.842394 1.1307 1.52213 2.8474 2 0.814938
82.7994 4.36836 1.15796 1.20318 1.14753 2.134 3.73778 2 0.732209
82.9947 -3.09531 0.992025 1.1163 1.28345 1.83783 2.46307 2 0.496094
88.1937 2.05384 1.05513 0.439513 1.88479 1.70594 6.1837 1 0.290981
101.475 20.7149 0.743124 0.464434 0.47667 1.31103 6.84245 2 0.242206
80.6149 -1.19496 0.564667 0.459696 0.518685 1.14197 6.44011 2 0.202759
82.0954 -12.8129 0.368208 0.713819 0.711039 1.11934 5.89158 2 0.156105
86.0128 1.9912 0.455088 0.41227 0.535935 0.951128 6.62254 2 0.150528
79.1038 3.66419 1.58072 0.607231 1.70168 1.81331 6.12047 1 0.146331
86.4447 19.2598 1.03122 0.533269 1.7981 1.77607 6.16673 1 0.134094
85.1424 -4.6983 0.54236 0.417537 0.45953 1.03043 6.22996 2 0.122209
85.6892 -1.1176 0.413018 0.415301 0.510145 0.913798 6.28894 2 0.107813
