77.3435 -5.14957 1.66315 1.60586 2.04411 2.24489 6.28288 1 0.960584
77.1344 6.22147 1.57971 1.54896 1.96329 2.11959 6.24287 1 0.959687
70.6432 0.456499 0.786173 0.854121 1.17948 1.54223 2.77508 2 0.916409
66.8787 0.267044 3.49326 3.3639 2.82293 3.00401 6.22316 0 0.884639
82.731 4.37206 1.12665 1.11793 1.0674 2.08406 3.25695 2 0.746509
82.8062 -3.17343 1.09769 1.20465 1.22677 2.06431 2.41259 2 0.580828
88.1121 2.04191 1.03732 0.443826 1.91255 1.72521 6.19798 1 0.282988
101.475 20.715 0.743907 0.464661 0.475972 1.31119 6.83464 2 0.239349
82.2066 1.20922 0.351967 0.4921 0.596275 0.933187 6.50633 2 0.157655
89.5241 13.3614 0.628066 0.684214 0.752659 1.27645 7.01365 2 0.157137
86.0142 1.99186 0.43689 0.410663 0.529174 0.940506 6.54881 2 0.153549
85.6667 -1.14038 0.396189 0.393583 0.525825 0.906687 6.25442 2 0.145601
89.506 16.4436 0.637459 0.404099 0.352678 1.12701 6.47429 2 0.110088
