77.203 -5.12539 1.67943 1.63 2.05807 2.20133 6.30461 1 0.961606
76.8833 6.2727 1.6082 1.4914 1.95161 2.11223 6.19621 1 0.960878
70.4149 0.467314 0.778737 0.833622 1.21633 1.52055 2.85418 2 0.941439
66.8042 0.243734 3.45997 3.36472 2.80643 2.97046 6.2411 0 0.915356
82.3936 4.37004 1.05777 1.1193 1.32775 1.94517 3.35387 2 0.63114
82.7463 -3.15393 1.12822 1.10788 1.14711 2.0917 2.56951 2 0.544801
86.067 1.49103 0.977286 0.478019 1.85937 1.62604 6.29136 1 0.301568
101.475 20.715 0.743907 0.464661 0.475972 1.31119 6.83464 2 0.239349
81.4647 -9.25657 0.492071 0.907765 0.986878 1.33591 6.13304 2 0.210766
89.5259 16.3006 0.577973 0.440577 0.409313 1.07856 6.61003 2 0.158956
82.7854 -1.4936 0.501072 0.706753 0.818151 1.16279 2.69018 2 0.15662
88.0867 2.3488 1.12382 0.393592 1.91132 1.81796 6.16929 1 0.153803
