77.0398 -5.13577 1.57157 1.63733 2.12528 2.21941 6.34297 1 0.967472
70.2209 0.477102 0.798696 0.822403 1.16432 1.55784 2.84832 2 0.906653
66.511 0.258354 3.43666 3.3418 2.7171 2.98136 6.27379 0 0.906156
76.6314 6.18886 1.4408 1.43269 1.83423 2.09266 6.27777 1 0.883034
82.4504 -3.05854 1.20805 1.15258 0.994072 2.25011 1.92767 2 0.828384
82.2016 4.29929 1.10317 1.16502 1.19543 2.08966 3.17986 2 0.564579
82.8331 -1.22125 0.487375 0.761597 0.821554 1.26389 6.08543 2 0.353094
81.5093 -9.24586 0.487962 0.945541 0.995712 1.3436 2.95397 2 0.321673
81.0887 -5.59992 0.987462 1.11796 1.97842 1.78106 6.11509 1 0.153803
90.1948 2.91382 0.985426 0.510342 1.6704 1.6871 6.18626 1 0.119203
89.5223 16.3031 0.59441 0.442085 0.399441 1.09341 6.64323 2 0.116161
83.2907 -12.4135 0.968636 0.629266 2.06386 1.71304 6.14781 1 0.104477
79.0528 4.38396 1.6774 0.60133 1.83782 1.98886 6.03245 1 0.103386
