76.4759 -5.0862 1.69978 1.69039 1.99455 2.14981 6.38084 1 0.958148
66.1893 0.445595 3.56317 3.67383 2.94777 3.23919 6.2874 0 0.933552
69.6729 0.53026 0.780694 0.838496 1.1144 1.54369 2.95672 2 0.877056
81.8883 4.48303 1.08908 0.95657 0.787433 2.07239 4.33788 2 0.867261
76.2675 6.22884 1.53493 1.56488 1.79865 2.10091 6.29637 1 0.830869
81.9004 -3.04413 1.24327 1.19498 1.0309 2.33403 2.25506 2 0.830044
83.4509 8.4394 0.598323 0.838854 0.835408 1.29371 6.6306 2 0.498047
92.3884 11.1249 0.544512 0.789692 0.705075 1.27256 6.40086 2 0.474631
82.5322 -0.85471 0.414779 0.920486 0.931397 1.2642 3.12197 2 0.181263
81.1978 -6.27419 0.521618 0.711948 0.680967 1.1625 6.31216 2 0.180684
77.8687 3.70524 1.50237 0.57999 1.8037 1.7049 6.0814 1 0.159479
80.8896 1.99428 0.471329 0.468077 0.433378 1.01693 6.31511 2 0.127544
35.9433 1.70477 0.59167 0.678641 0.76274 1.40619 6.4459 2 0.115561
