76.2884 -5.10728 1.63975 1.68936 1.9771 2.15454 6.27044 1 0.955899
76.1142 6.39773 1.63669 1.66164 1.95787 2.18594 6.34028 1 0.951594
65.9982 0.595315 3.47328 3.82765 2.94939 3.20087 6.30397 0 0.927495
69.4543 0.538325 0.765431 0.856993 1.06792 1.53828 2.93102 2 0.881411
81.7159 4.45048 1.14387 1.03266 0.916048 2.18621 6.6284 2 0.772874
81.7619 -3.12141 1.26441 1.27953 1.09538 2.36155 2.12225 2 0.754192
80.9747 -5.64848 0.549796 0.723778 0.867019 1.22635 6.49949 2 0.256832
82.7859 -0.870474 0.386993 0.91388 0.964488 1.23326 3.20531 2 0.167219
88.6752 -13.0177 0.520248 0.797558 0.9873 1.30943 2.65771 2 0.156362
99.1912 -11.8134 0.52514 0.507473 0.591201 1.14756 6.0869 2 0.133415
35.9669 1.69318 0.566232 0.650892 0.728167 1.34098 6.3817 2 0.125065
77.8275 3.76306 1.60006 0.700627 1.76709 1.75152 6.04063 1 0.106691
82.778 1.6919 0.428672 0.40568 0.466311 0.934555 6.4459 2 0.103205
