76.171 -5.10153 1.6835 1.79261 1.97266 2.12399 6.33467 1 0.962743
75.8665 6.37448 1.47693 1.55683 1.98432 2.077 6.33906 1 0.949012
69.2614 0.488155 0.786956 0.70727 0.924981 1.53079 3.04168 2 0.946794
65.6438 0.410588 3.46995 3.6129 2.9288 3.16319 6.28894 0 0.914749
81.4126 4.46412 1.10317 0.95517 0.834542 2.12361 6.46373 2 0.858481
81.608 -3.10323 1.21901 1.21588 0.959263 2.27108 2.22509 2 0.787605
82.4802 3.27271 0.567015 0.633877 0.743527 1.20852 6.8159 2 0.385837
88.6474 2.42712 0.38259 0.682212 0.59395 1.08808 6.02342 2 0.332852
80.9706 -5.90538 0.895114 0.602211 1.88583 1.6752 6.30812 1 0.28897
90.446 2.36414 0.977794 0.775144 1.79799 1.69639 6.24284 1 0.189821
82.4096 -8.53149 0.91394 1.37293 1.92285 1.61989 5.82878 1 0.135461
88.6694 -13.0198 0.495006 0.747254 0.954649 1.27941 2.60107 2 0.134548
99.1912 -11.813 0.529445 0.505494 0.588034 1.14336 6.05858 2 0.124107
82.8817 -1.41914 0.54823 0.752931 1.03607 1.3218 3.01501 2 0.105211
90.2235 -13.6739 0.540403 0.506235 0.544906 1.08835 5.82103 2 0.104112
