75.7027 -5.03707 1.5502 1.53223 1.91693 2.0434 6.27563 1 0.961025
75.5819 6.33405 1.65297 1.66306 2.00706 2.17462 6.33613 1 0.948632
65.4811 0.354276 3.47994 3.87324 3.04162 3.24711 6.28012 0 0.940243
68.8568 0.535686 0.781477 0.690086 0.931226 1.53336 2.9782 2 0.936052
81.1211 4.46089 1.11413 0.980809 0.828402 2.12932 6.83885 2 0.771499
81.1634 -3.02884 1.14857 1.21528 1.19864 2.14811 2.69872 2 0.623835
82.7729 3.37285 0.418301 0.865984 0.811437 1.26466 6.23527 2 0.520496
86.4729 2.15302 0.950573 0.511339 1.80933 1.67888 6.05272 1 0.336331
80.8241 -1.15243 0.334453 0.512953 0.703957 0.933643 2.90661 2 0.206254
82.5939 -1.50984 0.453327 0.572241 0.845643 1.11062 2.97045 2 0.108566
80.5833 9.40932 0.852883 1.07513 1.90434 1.55708 6.57493 1 0.106877
