75.6139 -5.05352 1.50237 1.70552 1.98327 2.13016 6.34959 1 0.952309
75.3829 6.33592 1.6489 1.70323 1.97177 2.08494 6.29359 1 0.950503
68.7436 0.520215 0.77952 0.800141 1.02125 1.54327 2.9204 2 0.949576
65.2894 0.381552 3.47661 3.84216 3.0511 3.25744 6.25782 0 0.933066
80.9415 4.42577 1.10239 0.959259 0.824065 2.08915 4.14648 2 0.879768
81.0993 -3.02529 1.17909 1.21469 1.0813 2.19316 2.79442 2 0.739046
82.4731 1.47234 0.345803 0.847396 0.815757 1.19298 6.18113 2 0.451326
82.5269 -1.473 0.436499 0.824866 1.00769 1.25283 2.95165 2 0.394667
86.4299 2.16882 0.966092 0.447744 1.82196 1.69722 6.0626 1 0.264358
80.8285 -1.15278 0.341302 0.529365 0.692198 0.938671 6.04271 2 0.256087
83.1283 3.58799 0.48894 0.402131 0.410314 0.967995 6.33531 2 0.180684
87.4065 11.2215 0.945231 0.619812 1.75548 1.60415 6.43931 1 0.135919
