68.5189 0.48667 0.792043 0.742753 0.950637 1.55775 3.03277 2 0.957038
75.4366 -5.13623 1.62245 1.67386 1.94649 2.16892 6.3701 1 0.9549
75.1972 6.29513 1.50746 1.59287 1.96704 2.12431 6.30986 1 0.954563
64.928 0.485789 3.44665 3.56254 2.83328 3.15202 6.30464 0 0.902781
80.8451 4.43171 1.15952 0.95622 0.843246 2.18354 4.12597 2 0.877687
80.8376 -3.08483 1.21588 1.20465 1.06427 2.27052 2.07537 2 0.752013
82.1821 -13.0407 0.480722 0.780229 0.624281 1.19298 5.77879 2 0.330687
79.8967 -12.4798 0.529054 0.548575 0.622758 1.09795 6.3972 2 0.325521
82.4681 1.47696 0.337486 0.817249 0.80037 1.18862 6.23045 2 0.324663
86.188 -12.0784 0.880104 0.609905 1.81963 1.65871 5.95164 1 0.23793
80.8258 -1.14078 0.325746 0.494026 0.6544 0.916927 6.1085 2 0.179243
83.1393 3.60229 0.489527 0.388239 0.40494 0.96187 6.35301 2 0.151781
86.0292 -14.3805 1.04546 0.628344 1.85009 1.8679 5.91136 1 0.142232
82.5309 -0.775877 0.916229 0.501939 1.81143 1.62267 2.99206 1 0.138928
86.5434 2.53008 1.00578 0.707848 1.89275 1.75516 6.24626 1 0.118181
87.271 11.2811 1.00171 0.616793 1.86517 1.7778 6.41465 1 0.115162
