75.0065 -5.17016 1.63059 1.53864 2.06398 2.07745 6.35777 1 0.976265
74.8425 6.21132 1.5502 1.58096 1.9312 2.10354 6.2523 1 0.949389
64.6915 0.401045 3.46662 3.58129 2.96627 3.1499 6.27165 0 0.922062
68.1517 0.520618 0.788521 0.652961 0.896208 1.53425 2.95287 2 0.865452
80.4498 4.34404 1.15639 0.979972 0.881708 2.19048 3.93896 2 0.852199
80.3086 -3.10257 1.20022 1.307 1.22437 2.26886 2.65789 2 0.500977
88.3462 -10.8249 0.531206 0.804837 0.949912 1.28129 5.95189 2 0.390011
78.3487 22.9115 0.403234 0.772977 0.666819 1.12509 6.28143 2 0.282196
82.8093 -0.480112 0.426324 0.741937 0.811487 1.23175 6.06297 2 0.236869
83.5672 -10.0985 1.09075 0.585681 1.8864 1.83984 6.39818 1 0.207857
80.3435 7.56009 1.04852 0.727825 1.74118 1.77433 6.52879 1 0.146087
81.2772 -10.3016 0.978303 0.700969 1.88554 1.74235 6.31257 1 0.134094
