74.7883 -5.15266 1.57971 1.48758 2.0824 2.10296 6.31477 1 0.966976
68.0087 0.443301 0.796348 0.729454 0.930914 1.542 3.08709 2 0.963848
74.741 6.37526 1.54104 1.70791 2.01401 2.18607 6.36241 1 0.956715
64.5775 0.391948 3.51656 3.78075 2.97383 3.19443 6.25761 0 0.942823
80.2953 4.33953 1.14074 0.964661 0.803012 2.14026 4.42187 2 0.891999
80.2285 -3.10931 1.24249 1.35178 1.20568 2.34489 2.55535 2 0.632503
88.312 -10.7506 0.486788 0.793614 0.740266 1.22515 5.89842 2 0.399812
78.3489 22.9125 0.402255 0.774914 0.667144 1.12591 6.26712 2 0.277473
93.3919 -12.4682 0.943959 0.636372 1.73482 1.64259 6.37022 1 0.267408
80.4971 7.64649 0.959732 0.47245 1.7048 1.64019 6.4282 1 0.251648
83.4864 -10.093 1.07701 0.654333 1.92755 1.83625 6.38902 1 0.210117
81.442 -10.2178 1.0475 0.50736 1.86562 1.85801 5.9409 1 0.14731
82.7927 -0.484704 0.429454 0.658886 0.770601 1.21059 6.15025 2 0.119305
