74.5976 -5.20346 1.62448 1.44023 2.02471 2.05506 6.24797 1 0.976084
64.5412 0.376029 3.56982 3.81738 3.02302 3.23919 6.26735 0 0.945701
67.9029 0.472996 0.790086 0.783881 1.00383 1.56179 2.9909 2 0.931463
74.2306 6.36999 1.45658 1.24824 1.98725 1.94397 6.27748 1 0.915053
80.1276 4.28748 1.12822 0.979733 0.82311 2.11326 4.54882 2 0.891622
80.1527 -3.13721 1.22684 1.30381 1.18583 2.30234 2.31805 2 0.584153
82.8195 -0.250907 0.475243 0.747756 0.738011 1.24263 6.23765 2 0.430626
88.3161 -10.7482 0.482678 0.796223 0.747622 1.22665 5.96776 2 0.426322
80.5082 7.65795 0.957188 0.470149 1.68844 1.64661 6.42747 1 0.20466
93.2884 -12.3606 1.11059 0.694157 1.78563 1.84164 6.35826 1 0.110088
81.3523 -10.1179 1.05157 0.995305 1.91325 1.85371 6.11351 1 0.10393
