74.5128 -5.19525 1.69164 1.63388 2.00118 2.11326 6.29814 1 0.967595
67.7442 0.488916 0.795174 0.795339 0.997537 1.55172 2.89709 2 0.956715
74.2286 6.38857 1.46065 1.39677 1.89888 1.88347 6.30839 1 0.954223
64.3541 0.359297 3.49326 3.54345 2.90872 3.13628 6.2097 0 0.921781
79.9215 4.3145 1.07499 0.949937 0.873646 2.03678 4.08837 2 0.894605
79.8666 -3.16097 1.20727 1.20701 1.01964 2.2326 1.78319 2 0.801004
82.8623 -0.376289 0.402842 0.598241 0.502727 1.01817 6.39561 2 0.374333
86.6668 10.9618 0.540012 0.748921 0.60242 1.23055 6.48216 2 0.273963
35.9351 1.76847 0.675811 0.68138 0.694229 1.39389 6.30144 2 0.206894
81.5547 -7.18244 1.15944 0.54485 2.10238 1.82285 6.08384 1 0.139396
