74.2611 -5.18394 1.7354 1.69783 2.04555 2.20402 6.39427 1 0.976979
67.3641 0.449386 0.772084 0.74475 0.935185 1.52678 2.99108 2 0.934035
79.607 4.4085 0.730209 0.729499 0.95672 1.5494 3.4248 2 0.928279
73.8004 6.37 1.45759 1.35115 1.85597 1.85541 6.23777 1 0.889721
63.8898 0.423056 3.45997 3.5861 2.86964 3.16822 6.25999 0 0.879768
79.5946 -3.14609 1.20727 1.13859 0.949767 2.22498 1.75292 2 0.864996
80.9724 17.4804 0.616326 0.74835 0.851833 1.28693 6.81834 2 0.227126
86.086 -7.88173 1.02308 0.444693 1.77997 1.78563 3.31054 1 0.181553
83.454 3.03445 1.02308 0.4846 1.92214 1.78891 6.22001 1 0.159741
82.9644 -1.24443 1.07396 0.630496 2.02719 1.75859 6.5012 1 0.127979
85.9222 -1.35351 1.06887 0.589699 2.14719 1.75967 6.27971 1 0.11358
