74.0974 -5.14227 1.76491 1.81817 2.00521 2.27968 6.33925 1 0.96175
63.7967 0.434955 3.49326 3.74903 2.97334 3.27778 6.26845 0 0.918626
73.7094 6.32771 1.50644 1.40326 1.80359 1.78084 6.28499 1 0.894605
79.5224 -3.14682 1.15483 1.05999 0.868926 2.15231 1.75292 2 0.885037
67.1999 0.511966 0.667202 0.875123 1.05754 1.44676 3.02508 2 0.867934
79.4586 4.44351 0.789695 0.928725 1.05974 1.6704 3.71581 2 0.776962
86.1027 -7.87298 0.998655 0.453464 1.7935 1.76397 6.4536 1 0.27474
82.8461 -1.0867 0.99662 0.566554 1.98025 1.68916 6.56492 1 0.161056
85.939 -1.3439 1.08617 0.588548 2.16561 1.77195 6.26307 1 0.157914
80.997 17.4466 0.601454 0.759879 0.870705 1.2975 6.78294 2 0.153295
83.4495 -9.2165 0.477395 0.444683 0.519953 1.07043 5.88597 2 0.122628
