73.921 -5.12477 1.71607 1.78214 2.00949 2.13791 6.32753 1 0.968797
73.657 6.28616 1.63669 1.60497 1.90911 2.05491 6.27047 1 0.959988
63.6849 0.425168 3.45664 3.87513 3.05436 3.31611 6.27162 0 0.919498
66.9445 0.50918 0.700858 0.767571 0.966433 1.4798 2.9743 2 0.882428
79.2714 4.50686 0.81709 0.995283 0.922754 1.70533 3.70507 2 0.848722
79.208 -3.12354 1.22605 1.18771 1.0255 2.26831 1.94744 2 0.83762
86.0261 2.21514 1.00476 0.559407 1.88975 1.67991 5.8994 1 0.161056
82.8115 -0.807568 0.462524 0.833851 1.00954 1.27256 3.20116 2 0.137996
81.1435 -8.8996 0.373197 0.995769 1.01889 1.29228 6.072 2 0.129954
83.3358 3.3786 0.404799 0.610189 0.605074 1.04334 6.33378 2 0.117978
