73.6893 -5.1206 1.67536 1.66525 1.93061 2.14222 6.30928 1 0.956553
73.3761 6.20907 1.55935 1.52499 1.85824 1.86916 6.25868 1 0.934275
66.8307 0.511343 0.729035 0.810061 0.995773 1.50008 2.89623 2 0.931587
63.4027 0.473403 3.29351 3.8704 2.99858 3.18645 6.25776 0 0.919498
79.0045 4.50965 0.808089 0.997472 0.927101 1.68042 3.46191 2 0.804713
79.0198 -3.10374 1.22371 1.3224 1.19455 2.3238 2.53484 2 0.634317
75.1911 2.99317 1.2738 0.909651 0.765819 2.10297 3.44012 2 0.326379
83.141 2.74073 0.967109 0.691113 1.92162 1.71429 6.17393 1 0.259075
82.8516 -0.922053 0.904018 0.700285 1.9019 1.62148 3.4204 1 0.19163
86.0265 2.20863 1.01087 0.561597 1.89477 1.68422 5.89451 1 0.165054
