73.58 -5.08449 1.6947 1.7482 1.97577 2.20617 6.27679 1 0.959078
73.2119 6.21256 1.56851 1.65405 1.85812 1.86585 6.26942 1 0.940463
66.7058 0.481336 0.777563 0.731773 0.967259 1.52967 3.02313 2 0.938124
78.9363 4.47504 1.06169 1.04127 0.811834 2.06129 6.96336 2 0.903123
63.0197 0.347128 3.04882 3.46475 2.55638 2.98354 6.28193 0 0.781664
78.9309 -3.08123 1.23779 1.29746 1.16773 2.33346 2.25408 2 0.657538
83.0657 -1.40726 0.351282 0.934183 0.816804 1.19444 5.9553 2 0.272025
74.9309 3.08098 1.22371 0.857935 0.740899 2.03404 3.47332 2 0.231962
80.5968 -8.82916 0.527488 0.945887 0.962783 1.32503 6.42332 2 0.230227
83.0885 3.21626 0.586583 0.679055 0.694568 1.27723 6.46165 2 0.105948
