73.3723 -5.0989 1.72217 1.69359 1.99911 2.18327 6.31294 1 0.966092
66.4983 0.458625 0.765431 0.777804 0.992496 1.52157 2.92645 2 0.940353
73.086 6.22159 1.46624 1.6458 1.86984 1.84885 6.36534 1 0.929312
63.0631 0.412944 3.22859 3.77844 2.82456 3.1882 6.30333 0 0.883839
78.7059 4.43706 1.17909 1.04918 0.860928 2.21198 4.48632 2 0.80038
78.6574 -3.07771 1.20492 1.29714 1.10303 2.24956 1.91796 2 0.745028
80.481 -8.42789 0.5134 0.929632 1.02701 1.36993 3.03228 2 0.38769
74.8308 3.0978 1.22997 0.891893 0.816903 2.051 3.44695 2 0.372049
84.1348 -8.87137 0.514965 0.791927 0.711126 1.22605 6.00218 2 0.228156
83.1153 -1.14212 0.864331 0.952979 1.73651 1.63599 6.28383 1 0.218669
84.1679 16.3402 0.649982 0.672456 0.686979 1.28552 6.95994 2 0.214034
82.6215 1.42093 0.929967 1.0269 1.79766 1.65811 6.34605 1 0.134321
85.6928 19.1711 1.18335 0.741094 1.97802 1.95206 6.60154 1 0.115561
35.9275 1.72658 0.596954 0.650336 0.714519 1.37496 6.37419 2 0.113187
