73.1269 -5.14988 1.69978 1.51461 2.06216 2.25175 6.1699 1 0.972046
72.9714 6.18256 1.56851 1.69266 1.92731 1.7778 6.4105 1 0.961316
66.3936 0.467424 0.780694 0.769893 0.992375 1.55063 2.96063 2 0.942295
63.0109 0.419076 3.24857 3.91985 2.85046 3.2242 6.32469 0 0.894605
78.6185 4.44315 1.11413 1.01479 0.834593 2.12464 3.99267 2 0.880592
78.3849 -3.03178 1.21744 1.32111 1.15978 2.25946 1.97753 2 0.633864
82.973 -1.10474 0.854919 0.628038 1.72216 1.70178 6.19505 1 0.23546
82.5116 1.44994 0.434933 0.828247 1.00591 1.22695 6.76292 2 0.197754
81.1666 11.3338 0.497941 0.722277 0.770696 1.23055 6.7678 2 0.190724
82.4581 11.3478 0.486005 0.489703 0.507413 0.989741 6.33592 2 0.152789
80.4411 -8.46939 0.503812 0.89037 0.930261 1.30322 6.0847 2 0.143908
84.175 16.3426 0.648808 0.650416 0.683799 1.27318 3.93896 2 0.141994
74.3987 3.31555 1.45963 0.525001 1.5646 1.64862 6.07261 1 0.109325
