73.0116 -5.14444 1.73133 1.64188 2.0305 2.16694 6.26877 1 0.969149
66.2014 0.403414 0.794391 0.786145 0.966374 1.54346 2.84838 2 0.941115
72.803 6.21942 1.52069 1.68853 2.0184 1.69474 6.43235 1 0.938913
62.7956 0.522866 3.17034 4.08497 2.62052 3.121 6.30009 0 0.898944
78.3739 4.49469 1.13996 1.05715 0.840934 2.14131 4.22362 2 0.836287
78.3672 -3.12739 1.23466 1.24684 1.01783 2.28219 1.7871 2 0.790854
83.076 -1.08226 0.404212 0.974484 1.02851 1.32503 2.97484 2 0.639286
81.1848 11.3512 0.472699 0.73392 0.764138 1.2041 6.8452 2 0.417746
80.6017 9.83541 0.422801 0.68363 0.767503 1.14756 6.01561 2 0.345547
82.5665 1.22521 0.419671 0.451907 0.635972 1.00386 6.6157 2 0.253122
74.5477 -2.15877 1.20962 0.726832 0.83597 2.03702 3.40789 2 0.210442
80.4978 -8.41623 0.517118 0.86498 0.874006 1.34294 6.17814 2 0.142948
79.1966 17.197 1.02104 0.729961 2.06109 1.83357 6.40184 1 0.119614
35.8995 1.70869 0.631197 0.626339 0.727634 1.42537 3.19097 2 0.113973
84.4793 22.8696 0.457045 0.659369 0.635662 1.06443 5.73924 2 0.109515
74.5636 3.46775 1.26441 0.783917 1.00683 2.02093 3.3026 2 0.100879
