72.89 -5.16458 1.73642 1.72667 2.07377 2.21846 6.26286 1 0.962462
72.6411 6.14397 1.54613 1.66362 1.99764 1.83066 6.35081 1 0.95877
65.9534 0.38303 0.823743 0.792277 1.06935 1.58334 2.82982 2 0.89275
62.5537 0.233378 3.41003 3.65103 2.81776 3.0935 6.26329 0 0.885829
78.2111 4.4213 0.941149 0.932019 0.895584 1.84435 3.51684 2 0.883437
78.3085 -3.11815 1.24249 1.18424 0.967436 2.2861 1.85351 2 0.830319
83.1042 -0.970704 0.433368 0.852298 0.935613 1.27707 3.0584 2 0.373419
74.4974 3.61307 1.20022 0.916002 0.826331 1.9947 3.26141 2 0.353094
74.5504 -2.1965 1.20962 0.792519 0.82492 2.1004 3.20574 2 0.304869
81.1375 11.4003 0.338563 0.679304 0.543312 1.07672 6.50633 2 0.197754
35.906 1.74099 0.589127 0.663244 0.640491 1.32422 6.31218 2 0.129513
81.904 10.1017 0.511052 0.547906 0.467222 1.06703 6.6198 2 0.126138
