72.6593 -5.17434 1.71607 1.62598 2.10033 2.14903 6.26034 1 0.971402
65.8143 0.374598 0.821395 0.819147 1.03241 1.5874 2.81859 2 0.922343
72.4673 6.19867 1.6255 1.61266 1.98019 1.78869 6.29994 1 0.910386
77.9844 4.44513 0.898883 0.815319 0.971993 1.7463 3.46093 2 0.875999
62.168 0.500135 3.05881 3.40937 2.32917 2.9459 6.43638 0 0.844665
78.1977 -3.23774 1.19083 1.07301 0.861454 2.26886 1.6914 2 0.777638
74.4399 -2.3906 1.18457 0.852871 0.896037 2.17662 3.12078 2 0.267408
83.2131 -1.02863 0.33915 0.49705 0.54093 0.936382 6.17497 2 0.171338
80.8548 11.4214 0.370947 0.595618 0.525825 1.01371 6.5786 2 0.166134
81.8709 10.076 0.490897 0.556942 0.485834 1.04589 6.68913 2 0.135919
82.2232 -13.0565 0.552731 0.841007 0.93916 1.32132 6.33146 2 0.113187
