72.2325 6.17093 1.62245 1.56842 1.99324 1.81641 6.32783 1 0.969613
72.4893 -5.203 1.72319 1.65668 2.05927 2.11152 6.30217 1 0.961171
65.6314 0.416098 0.782651 0.68388 0.92628 1.54954 3.00463 2 0.898589
62.2942 0.622931 3.20196 3.87892 2.44752 3.17112 6.3845 0 0.820757
78.0172 -3.16493 1.19161 1.14752 0.984652 2.22987 1.81756 2 0.781997
77.7008 4.45041 1.08673 1.05071 1.17002 2.03231 4.16112 2 0.572245
73.992 -2.14785 1.17753 0.822378 0.829363 2.0633 3.23309 2 0.278649
80.86 11.4 0.387188 0.577856 0.525056 1.00976 6.45823 2 0.260201
84.8661 15.5769 0.994585 0.754605 1.82675 1.80184 6.51487 1 0.157137
81.9121 10.1375 0.514182 0.466024 0.443655 1.08357 6.76433 2 0.135232
82.7937 2.59096 0.955916 0.850914 2.06499 1.69288 5.99485 1 0.105579
