72.0792 6.24478 1.62448 1.53293 2.05283 1.81819 6.27978 1 0.975992
72.3474 -5.21495 1.71098 1.6623 2.07364 2.23327 6.16295 1 0.969498
65.4681 0.44704 0.772867 0.784587 0.970867 1.53144 2.93993 2 0.911653
62.1954 0.585569 3.34345 4.02655 2.5447 3.21085 6.30713 0 0.847211
77.6226 4.51625 1.13917 1.07984 0.918637 2.17344 6.96941 2 0.827828
77.7291 -3.12383 1.21353 1.3019 1.1928 2.28945 2.61297 2 0.607663
73.8922 -2.1767 1.20962 0.824439 0.804926 2.12672 2.97137 2 0.340705
103.689 3.95658 0.522205 0.935781 0.92212 1.30226 5.99949 2 0.191933
80.7174 10.989 1.02613 0.54485 1.89113 1.8069 6.11021 1 0.134321
83.4472 3.24368 0.391395 0.655197 0.776456 1.16506 6.2144 2 0.132066
95.2647 -12.4283 0.531011 0.463302 0.477369 1.08755 5.9951 2 0.130951
86.0369 1.79935 0.972197 0.457021 1.90236 1.70407 3.0432 1 0.123155
82.0949 2.33238 0.961004 0.72747 1.86028 1.66765 6.43736 1 0.115162
