72.1523 -5.18332 1.72624 1.63888 2.07017 2.08768 6.26675 1 0.969266
71.9437 6.21426 1.64687 1.58482 2.02873 1.8562 6.2767 1 0.962883
62.1408 0.481489 3.34012 4.00425 2.68873 3.24672 6.31538 0 0.892375
65.2989 0.452943 0.664462 0.888037 1.06051 1.46292 2.95965 2 0.83602
77.5495 4.44791 1.14778 1.09711 0.894759 2.18301 4.15331 2 0.805326
77.5821 -3.10946 1.24093 1.20701 1.05303 2.30741 2.48943 2 0.785309
73.5788 -2.16171 1.19318 0.787441 0.965843 1.99202 3.11696 2 0.460046
82.8594 -0.758988 0.462132 0.784874 0.694059 1.17707 6.57591 2 0.333286
85.9381 23.8773 0.585017 0.59402 0.634266 1.18312 6.57567 2 0.188324
103.689 3.95629 0.522401 0.934525 0.921726 1.30051 6.01585 2 0.185947
95.2647 -12.4285 0.530228 0.462849 0.477602 1.08596 6.00804 2 0.130064
80.4838 -8.26875 1.01087 0.375568 1.78596 1.77477 5.89183 1 0.115961
93.763 14.2028 0.624153 0.628023 0.543577 1.26837 6.27116 2 0.110088
83.449 3.24001 0.385819 0.68138 0.765819 1.1742 6.19597 2 0.108945
