71.9976 -5.19494 1.70996 1.66134 2.12204 2.19731 6.27096 1 0.973695
71.7451 6.34831 1.7181 1.63468 1.99334 1.95564 6.37571 1 0.970632
65.1523 0.418555 0.787738 0.687144 0.925927 1.53735 3.00512 2 0.940681
61.7051 0.576472 3.62975 3.73032 2.94988 3.15856 6.30601 0 0.925095
77.3639 4.42482 0.879315 1.01715 0.85402 1.74098 3.41015 2 0.890485
77.4443 -3.10044 1.23153 1.2023 0.956428 2.26167 2.05566 2 0.801625
82.8532 -0.725517 0.469372 0.780908 0.721619 1.21948 6.60521 2 0.579876
73.5198 -2.25134 1.1423 0.783259 1.025 1.85179 2.94689 2 0.240418
80.9456 10.7679 0.445109 0.773567 0.874846 1.16506 6.34874 2 0.190724
85.9379 23.8773 0.584235 0.594165 0.634421 1.18341 6.57762 2 0.190122
73.4849 3.28205 1.55528 0.653056 1.56288 1.73323 6.03319 1 0.18743
82.1107 -13.0922 1.04546 0.480828 1.72616 1.84828 6.35313 1 0.146331
95.2643 -12.4282 0.54099 0.458575 0.477136 1.08543 6.09617 2 0.114963
93.7629 14.2029 0.624153 0.6281 0.543577 1.26837 6.27019 2 0.110471
35.9514 1.75043 0.513595 0.668283 0.675338 1.24932 6.351 2 0.104843
80.4936 -8.27467 1.00171 0.381483 1.76537 1.78345 5.87571 1 0.101589
