71.6147 6.32523 1.68961 1.75901 2.05902 1.96929 6.36876 1 0.974773
71.7812 -5.20795 1.68656 1.60782 2.02255 2.11145 6.24363 1 0.972675
61.6146 0.589468 3.51989 3.73032 2.86596 3.10694 6.32329 0 0.941547
77.4163 -3.10415 1.1877 1.11276 0.86327 2.22118 2.08691 2 0.902438
77.2922 4.39967 0.884403 0.911318 0.981951 1.7657 3.83105 2 0.848722
64.979 0.491739 0.781868 0.69465 0.920433 1.55054 2.9948 2 0.776623
82.8103 -0.725957 0.457436 0.74995 0.759766 1.20439 6.64232 2 0.388154
73.3348 -2.30611 1.18144 0.732846 1.0721 1.89339 3.24303 2 0.2227
85.9359 23.8722 0.594018 0.60205 0.642841 1.19153 6.58592 2 0.216674
73.5249 3.55873 1.54307 0.813138 1.34368 1.6648 6.14732 1 0.195287
80.8035 -8.40636 0.926151 0.945562 1.91051 1.68257 6.10179 1 0.15662
81.4655 15.4863 0.557231 0.799302 0.904858 1.30274 6.13475 2 0.142232
87.6675 2.46401 0.440217 0.673606 0.713212 1.13447 6.12925 2 0.130396
82.0766 -13.0148 0.910632 0.597233 1.78226 1.6966 6.36009 1 0.127544
