71.4211 6.37417 1.73947 1.69514 1.99389 1.98292 6.32899 1 0.977066
71.6955 -5.16644 1.74965 1.75429 2.04234 2.22063 6.26249 1 0.97151
64.7758 0.456205 0.768953 0.677399 0.926422 1.52101 3.00353 2 0.946101
61.4991 0.560878 3.2802 3.88887 2.75644 3.14491 6.24656 0 0.904144
77.0535 4.37411 0.774824 0.838061 1.02338 1.6033 3.48852 2 0.844665
77.2055 -3.08757 1.19944 1.2141 0.991285 2.2386 2.64013 2 0.816699
73.3219 3.60046 1.23153 1.15568 0.904833 2.09835 3.21355 2 0.197754
85.9657 2.34074 1.05564 0.939121 1.98301 1.68833 6.27452 1 0.168309
81.4457 15.4811 0.570537 0.753805 0.869032 1.24856 6.19243 2 0.166675
73.1844 -2.20852 1.18535 0.827918 0.836786 2.01428 3.25066 2 0.149283
80.6881 -8.86183 0.969145 1.46505 1.8502 1.71974 6.19499 1 0.135232
87.8004 2.3615 0.943705 0.619207 1.83692 1.644 6.21116 1 0.128525
82.0719 -13.0145 0.916738 0.596068 1.78694 1.70158 6.34248 1 0.114369
82.1276 18.6521 0.579147 0.705718 0.848616 1.25666 6.43443 2 0.105579
