71.2917 6.33793 1.71708 1.69266 2.02898 2.0301 6.40648 1 0.975155
71.4946 -5.18379 1.70792 1.66804 2.03118 2.17436 6.31855 1 0.969498
61.117 0.21157 3.09377 3.38449 2.30176 2.89881 6.17662 0 0.832509
64.6748 0.479494 0.750168 0.780539 1.11453 1.51416 2.86938 2 0.807157
76.7621 4.43391 1.17205 1.09497 0.901199 2.17822 4.6123 2 0.791499
76.9122 -3.08006 1.22292 1.26709 1.10155 2.28945 2.31072 2 0.682574
83.1764 -1.69145 0.937345 0.407675 1.74842 1.68937 6.05687 1 0.353094
73.0401 -2.35715 1.14074 0.876245 1.19659 1.91104 3.29894 2 0.256087
73.233 3.65013 1.29102 1.10923 0.842321 2.16232 3.3825 2 0.153549
82.1319 18.655 0.579147 0.699585 0.855768 1.26297 6.50902 2 0.102844
