70.9735 6.28619 1.72522 1.69183 1.99736 2.10264 6.34739 1 0.970854
71.0904 -5.1601 1.73336 1.73111 2.05971 2.1862 6.17491 1 0.970296
76.5971 -3.10807 1.165 1.14026 1.07027 2.17131 2.71746 2 0.864768
76.4683 4.43523 1.04994 0.971634 1.00236 1.98523 4.43163 2 0.822474
64.3784 0.444217 0.777563 0.890533 1.18583 1.54251 2.6455 2 0.78695
60.0455 0.347465 1.58581 1.23853 1.47466 2.07529 6.31373 1 0.742795
100.728 20.7505 0.818264 0.511827 0.538821 1.40037 6.62273 2 0.249447
82.8919 2.36383 1.04954 0.797021 1.91734 1.76289 6.18333 1 0.23092
72.6067 3.42588 1.27536 0.866248 1.05046 2.03976 3.24059 2 0.207536
82.1687 -11.1139 1.0882 1.27488 2.27176 1.73302 5.83128 1 0.135919
72.6839 -2.12897 1.4464 0.54966 1.45748 1.64862 6.59446 1 0.118793
80.8836 -7.57395 0.454501 0.450585 0.593805 0.993858 6.23561 2 0.109706
85.7669 2.12874 1.04954 0.586826 1.93126 1.7326 6.29326 1 0.103024
