70.7516 6.26918 1.65704 1.61786 1.9894 2.04911 6.32295 1 0.977241
64.1631 0.423321 0.777954 0.676243 0.935042 1.49999 2.73797 2 0.966283
70.9757 -5.14507 1.73744 1.69866 1.93964 2.22905 6.26323 1 0.964921
76.4249 -3.10763 1.05386 0.958791 0.959849 1.97556 2.2868 2 0.879561
76.4065 4.43251 0.859747 0.863978 1.14599 1.69443 3.63598 2 0.861305
59.935 0.302851 1.65603 1.34736 1.62613 2.16509 6.25865 1 0.85318
85.7567 2.01286 0.981865 0.683061 1.889 1.66765 6.31068 1 0.328099
72.5669 -2.10662 1.45963 0.661077 1.56479 1.77889 6.62938 1 0.297062
100.728 20.7505 0.818264 0.511827 0.538821 1.40037 6.62273 2 0.249447
90.1017 2.06115 0.453914 0.712557 0.745435 1.17219 6.07713 2 0.211417
82.6237 2.09349 1.05666 0.562145 1.95 1.74023 6.00633 1 0.209793
72.4016 3.34746 1.52272 0.577165 1.36118 1.61594 6.13267 1 0.109325
