70.6096 6.23719 1.59192 1.58053 1.92338 2.04974 6.31508 1 0.978672
70.7563 -5.13888 1.58174 1.5665 1.94095 2.17755 6.25476 1 0.968201
76.3375 -3.09036 1.08438 0.99869 0.88741 2.02587 2.10741 2 0.89534
59.8216 0.227836 1.66315 1.43181 1.64952 2.19101 6.24443 1 0.813164
76.0626 4.3535 0.969718 1.02788 1.27035 1.83447 3.58129 2 0.761006
64.0189 0.453492 0.783042 0.784982 1.05987 1.55378 2.74267 2 0.691393
82.7271 1.73247 0.970162 0.804843 1.91109 1.65305 6.14415 1 0.456167
85.901 2.09857 1.02155 0.816321 1.96869 1.70282 6.30439 1 0.273574
100.728 20.7513 0.825308 0.512953 0.535935 1.40482 6.61491 2 0.234056
80.6189 -7.58612 0.470351 0.805888 0.668122 1.16137 6.37761 2 0.159217
72.257 -2.37777 1.46777 0.526542 1.69256 1.74939 6.55247 1 0.138695
