70.1986 -5.25471 1.75779 1.63149 2.1045 2.08126 6.26573 1 0.980766
70.1203 6.22565 1.65704 1.73809 2.0758 2.26346 6.3878 1 0.965053
63.4064 0.397621 0.768171 0.686557 1.00997 1.50476 2.72625 2 0.93744
75.711 4.36433 0.890664 0.938412 1.10964 1.76915 3.70263 2 0.853669
59.7243 0.286685 3.55651 3.39194 2.59584 3.09804 6.21531 0 0.568416
75.7159 -3.05145 1.0069 1.07275 1.25218 1.92485 2.7448 2 0.566978
32.7141 5.58322 0.85192 0.663973 0.717491 1.53655 6.14714 2 0.404507
35.8943 1.77822 0.691465 0.661465 0.738912 1.47782 3.13641 2 0.222362
71.7757 -2.27524 1.47438 0.567108 1.43663 1.73344 6.48106 1 0.156878
93.3552 -15.9527 0.622979 0.463528 0.439558 1.17105 6.26237 2 0.105763
71.6247 3.43781 1.4754 0.706812 1.84885 1.77954 6.10667 1 0.102305
