69.9145 6.2337 1.74659 1.64439 2.06071 2.10508 6.37071 1 0.97419
70.0916 -5.17078 1.74761 1.66007 2.06474 2.13263 6.30204 1 0.973088
63.3378 0.333172 0.783825 0.774051 1.05586 1.538 2.91125 2 0.914444
59.8218 0.365647 3.33013 3.66756 2.6753 3.09596 6.2147 0 0.877267
75.4581 4.3492 0.973631 0.949242 1.06753 1.84412 3.77703 2 0.83762
75.4538 -3.03324 1.06716 1.14949 1.22916 2.0333 2.9226 2 0.603465
94.0849 2.97481 0.560753 0.7049 0.808915 1.24354 6.28802 2 0.295027
71.5445 -2.20894 1.45302 0.456129 1.54845 1.85179 6.66624 1 0.147555
71.5567 3.414 1.53697 0.636062 1.81021 1.80294 6.16063 1 0.140572
35.886 1.75642 0.740776 0.634884 0.718192 1.52306 3.02215 2 0.137532
82.7176 2.173 1.02359 0.83854 1.96119 1.72521 6.07383 1 0.133415
