69.6662 6.31875 1.67129 1.54034 2.00381 2.00055 6.26165 1 0.974773
69.9106 -5.12461 1.75473 1.67754 2.04449 2.07605 6.28807 1 0.968797
59.6891 0.352976 3.34678 3.60365 2.71064 3.10466 6.21043 0 0.898589
63.05 0.393955 0.794 0.727187 0.999426 1.55371 2.73992 2 0.858719
75.3547 4.32674 0.962673 0.961487 1.11412 1.83738 3.83349 2 0.831417
75.4317 -3.01106 1.08204 1.15061 1.20657 2.06078 2.8474 2 0.667581
94.085 2.97451 0.559971 0.704255 0.811388 1.24323 6.30194 2 0.302803
88.2956 3.0288 1.00578 0.551811 1.78901 1.76096 6.17259 1 0.189521
82.4966 2.09737 1.06378 0.783899 1.97403 1.80184 6.03782 1 0.187133
80.7661 -11.4052 0.363805 0.579835 0.565783 1.03143 6.02977 2 0.176388
71.2069 3.37515 1.50033 0.516358 1.73609 1.75302 6.16856 1 0.141756
86.3316 -14.0597 1.04954 0.817917 1.82876 1.85847 6.26059 1 0.134094
