69.2207 6.34722 1.67943 1.5223 2.08354 2.11429 6.37852 1 0.981058
69.4896 -5.20036 1.70894 1.62246 2.12957 2.02796 6.24382 1 0.978834
59.2144 0.401059 3.6697 3.6297 2.90275 3.20302 6.35069 0 0.907476
62.7046 0.396815 0.793609 0.862134 1.15118 1.56669 2.87011 2 0.890485
74.7744 4.34401 1.0609 1.05947 1.11412 1.97604 3.74462 2 0.885434
74.9966 -3.14308 1.14544 1.15258 0.931567 2.16814 2.1997 2 0.840521
82.5372 2.05539 0.974233 0.680398 1.83793 1.68319 6.13365 1 0.365683
83.3981 -9.59488 0.941161 0.431012 1.82575 1.66216 6.25711 1 0.268941
79.2609 17.7497 0.569755 0.835788 0.77674 1.25835 6.20714 2 0.192236
35.5798 -23.8608 0.318114 0.506235 0.442789 0.87451 5.80589 2 0.153042
81.7093 -12.0423 1.22965 1.54752 1.97887 1.74299 6.4196 1 0.134208
35.903 1.79433 0.682073 0.611382 0.677319 1.40808 6.23601 2 0.132964
82.862 -1.22213 0.909106 0.523466 1.7912 1.6648 6.04673 1 0.131173
