69.0905 6.283 1.72014 1.58308 2.10868 2.16575 6.37657 1 0.979393
69.3523 -5.18627 1.72828 1.64781 2.08024 2.09604 6.28364 1 0.971939
58.9973 0.386764 3.55984 3.47746 2.79857 3.06157 6.36912 0 0.918626
74.7774 -3.08768 1.08751 1.0683 1.0414 2.02019 2.07195 2 0.886027
62.4235 0.517282 0.779128 0.672128 0.885145 1.53965 2.83074 2 0.872782
74.4979 4.22787 1.13213 1.22811 1.21692 2.15758 3.38329 2 0.593138
80.5586 16.4051 0.542947 0.799186 0.754683 1.19386 6.40086 2 0.291384
79.2009 17.5374 0.578951 0.958206 0.887133 1.33038 6.41453 2 0.245808
82.7915 -1.22029 0.393841 0.785174 0.968854 1.18312 3.10839 2 0.216012
35.5904 -23.8548 0.337486 0.513204 0.457738 0.898314 5.80565 2 0.210117
82.725 2.64953 1.03274 0.863049 2.04864 1.76461 6.12059 1 0.196518
81.5012 -11.6938 0.470938 0.805119 0.821002 1.20322 6.09898 2 0.168583
93.1176 -11.648 0.473677 0.571403 0.744798 1.06938 5.96776 2 0.127979
