68.9553 6.25454 1.75168 1.67319 2.04134 2.11003 6.26835 1 0.977066
69.1797 -5.2247 1.74252 1.7766 2.09681 2.13399 6.21092 1 0.968915
62.2671 0.438242 0.815916 0.689328 0.924543 1.54921 2.70946 2 0.961171
58.848 0.413878 3.70299 3.55819 2.89406 3.16802 6.27665 0 0.925903
74.4023 4.23609 1.10082 1.20877 1.18699 2.08101 3.4602 2 0.760295
74.4692 -3.10099 1.25267 1.39129 1.21366 2.36501 2.76141 2 0.690142
82.5127 -13.7034 0.527684 0.874856 0.943354 1.31231 6.09874 2 0.307358
81.7663 -11.7722 0.832023 1.2841 1.70043 1.54421 6.33406 1 0.223377
82.7912 -1.22337 0.393646 0.787297 0.960318 1.18254 3.02544 2 0.208179
82.2545 2.15379 0.955153 0.92954 1.99907 1.59634 6.18199 1 0.173009
80.835 10.3643 0.389145 0.714822 0.770225 1.14644 6.39818 2 0.147555
93.118 -11.6458 0.478961 0.569453 0.740628 1.06912 5.97654 2 0.118181
85.6939 2.30376 0.983391 0.562695 1.75827 1.69826 6.60789 1 0.100702
