68.8339 6.29548 1.77407 1.64509 2.08806 2.0796 6.32887 1 0.97801
68.982 -5.15019 1.74456 1.64569 2.06424 2.02991 6.2097 1 0.976714
62.1025 0.437215 0.821395 0.781349 1.03367 1.58854 2.65984 2 0.948155
58.6583 0.387725 3.55651 3.40189 2.80395 3.06906 6.30299 0 0.9229
74.3926 -3.11595 1.14387 1.17933 1.19718 2.14497 2.74169 2 0.73678
74.3474 4.25779 1.13604 1.19207 1.02801 2.12464 3.54442 2 0.71423
82.5298 -13.6687 0.553709 0.877262 0.995287 1.33282 2.88207 2 0.397938
81.7384 -11.7012 0.850594 1.29306 1.60014 1.50109 6.09733 1 0.253491
80.7083 10.0359 0.997129 0.600449 1.83614 1.72395 6.3972 1 0.183594
82.6494 2.74027 0.994585 0.76574 1.95408 1.72795 6.08201 1 0.172172
